file_name,zero_crossing_rate,zero_crossings,spectrogram,mel_spectrogram,harmonics,perceptual_shock_wave,spectral_centroids,spectral_centroids_delta,spectral_centroids_accelerate,chroma1,chroma2,chroma3,chroma4,chroma5,chroma6,chroma7,chroma8,chroma9,chroma10,chroma11,chroma12,tempo_bpm,spectral_rolloff,spectral_flux,spectral_bandwidth_2,spectral_bandwidth_3,spectral_bandwidth_4,mfcc0,mfcc_delta_0,mfcc_accelerate_0,mfcc1,mfcc_delta_1,mfcc_accelerate_1,mfcc2,mfcc_delta_2,mfcc_accelerate_2,mfcc3,mfcc_delta_3,mfcc_accelerate_3,mfcc4,mfcc_delta_4,mfcc_accelerate_4,mfcc5,mfcc_delta_5,mfcc_accelerate_5,mfcc6,mfcc_delta_6,mfcc_accelerate_6,mfcc7,mfcc_delta_7,mfcc_accelerate_7,mfcc8,mfcc_delta_8,mfcc_accelerate_8,mfcc9,mfcc_delta_9,mfcc_accelerate_9,mfcc10,mfcc_delta_10,mfcc_accelerate_10,mfcc11,mfcc_delta_11,mfcc_accelerate_11,mfcc12,mfcc_delta_12,mfcc_accelerate_12,mfcc13,mfcc_delta_13,mfcc_accelerate_13,mfcc14,mfcc_delta_14,mfcc_accelerate_14,mfcc15,mfcc_delta_15,mfcc_accelerate_15,mfcc16,mfcc_delta_16,mfcc_accelerate_16,mfcc17,mfcc_delta_17,mfcc_accelerate_17,mfcc18,mfcc_delta_18,mfcc_accelerate_18,mfcc19,mfcc_delta_19,mfcc_accelerate_19
data/train_audio/fiscro/XC108821.mp3,0.3370029451702877,294108,-63.99177169799805,-79.99897003173828,3.3226174878109305e-07,1.069505970008322e-06,4010.2991921618327,-0.24447435368933487,-0.1582473344888803,0.458234965801239,0.5561603903770447,0.6080048680305481,0.6030939221382141,0.4354693293571472,0.33224332332611084,0.3974951207637787,0.48852652311325073,0.2998890280723572,0.27529051899909973,0.30468854308128357,0.3387397527694702,112.34714673913044,6446.804567651754,1.127898097038269,2349.0714274932534,2765.857554283981,3115.2463565494404,-402.93896484375,0.04787498340010643,-0.0176899041980505,7.981133937835693,0.006787125952541828,0.011142061091959476,-35.444091796875,-0.010088442824780941,0.0032521134708076715,35.68730163574219,0.008768154308199883,-0.00436233077198267,-12.574752807617188,-0.0017299010651186109,-0.007519976701587439,10.293327331542969,0.0012167806271463633,-0.004238006193190813,5.491220474243164,-0.00398026779294014,0.0008761075441725552,-6.480699062347412,-0.004891635850071907,-0.0015886269975453615,12.918750762939453,-0.001288716564886272,-0.003531668335199356,-12.920361518859863,-0.005911749787628651,0.004666626453399658,8.356401443481445,0.011169392615556717,0.005466335918754339,3.346957206726074,0.010799535550177097,-0.002276024082675576,-3.819014310836792,-0.003797492478042841,-0.0012009103083983064,11.74255084991455,-0.0021472203079611063,-0.0009461148292757571,-9.674388885498047,-0.008005370385944843,-0.0018200266640633345,10.312676429748535,0.0076743620447814465,-0.0068232836201786995,-5.414278030395508,-0.0018404786242172122,-0.00283155869692564,7.187984943389893,0.0021882280707359314,-0.0009890747023746371,-2.1703298091888428,0.007993100211024284,-0.0010169404558837414,9.788381576538086,0.0068097286857664585,-1.7621695178604568e-06
data/train_audio/fiscro/XC108822.mp3,0.25698721555870746,266956,-60.22419357299805,-79.999755859375,5.563474587688688e-07,1.1302201983198756e-06,3598.589834921539,-0.5284958427820297,-0.02570856026309718,0.3900325298309326,0.5457512736320496,0.45973294973373413,0.45808497071266174,0.4077068865299225,0.3250983655452728,0.3426096737384796,0.49552351236343384,0.4420531094074249,0.41599544882774353,0.4106415808200836,0.3315291106700897,215.33203125,7252.748250185003,1.1804749965667725,2786.019381119135,3198.8891453954166,3537.4825743922615,-435.7223815917969,0.02467995509505272,-0.01640377938747406,33.98847961425781,0.015059320256114006,-0.0028821045998483896,-9.855216026306152,-0.0016732923686504364,-0.0037473503034561872,37.197052001953125,0.0070874751545488834,-0.0018548580119386315,11.552023887634277,0.004754874389618635,-0.0029264232143759727,1.5184361934661865,0.014649606309831142,-0.003930083010345697,4.625204086303711,0.008920827880501747,-0.0022926165256649256,-4.388078212738037,-0.01451596524566412,-0.002109718509018421,2.815328359603882,-0.0038499324582517147,-0.0012184465304017067,-4.195107460021973,0.001003451645374298,0.005936569534242153,-0.4702898859977722,-0.007096071727573872,0.005656842142343521,4.318065643310547,-0.004000446293503046,-0.003496515564620495,-1.8668875694274902,0.004294930957257748,-0.0061940643936395645,10.679381370544434,0.009576027281582355,-0.004530365578830242,-4.222325801849365,-0.0008724245126359165,0.00018579147581476718,8.870838165283203,0.008573648519814014,-0.0008701918413862586,-4.551470756530762,0.004166011232882738,0.0032722537871450186,5.496993541717529,-0.010091496631503105,0.0007009755354374647,-0.7337346076965332,8.637080463813618e-05,0.0015932888491079211,10.213807106018066,0.005785719491541386,0.0007277472759597003
data/train_audio/fiscro/XC112516.mp3,0.4647333346419598,94806,-64.89280700683594,-65.13700103759766,2.2288622059107865e-09,3.187122104009177e-07,5037.979660498882,-0.08594313663234747,0.36511090373921323,0.27443861961364746,0.2833932936191559,0.4435664117336273,0.7731611728668213,0.8299247026443481,0.5827323198318481,0.38628584146499634,0.5207462906837463,0.556439220905304,0.5564473867416382,0.5713318586349487,0.4204671382904053,135.99917763157896,7453.788596301822,1.046663522720337,2385.521053635098,2735.4318902538084,3012.627840781511,-325.00775146484375,-0.6206409931182861,-0.5414320826530457,-15.55943489074707,-0.03071407414972782,0.005905352532863617,1.7370651960372925,-0.06862308830022812,-0.008673847652971745,24.415372848510742,-0.01860775239765644,-0.016323167830705643,-23.989059448242188,0.038451727479696274,0.008288265205919743,31.526647567749023,0.027496889233589172,-0.05177922546863556,-1.3344229459762573,-0.00320029491558671,-0.008669113740324974,10.298445701599121,0.0017580435378476977,0.002587092574685812,-6.948657989501953,-0.010005617514252663,0.015267402864992619,11.227984428405762,-0.0032608688343316317,-0.007090035360306501,2.952036142349243,0.033181332051754,-0.002031733049079776,-3.9422967433929443,-0.034051138907670975,0.001098460634239018,-8.954275131225586,-0.012739519588649273,0.012101720087230206,4.396961212158203,0.005001032259315252,-0.00871659442782402,1.4196840524673462,0.05731499195098877,-0.006621034815907478,-0.02894354611635208,-0.0009703717078082263,-0.01336878165602684,4.948824882507324,-0.03795991092920303,-0.011827593669295311,-5.28336238861084,-0.02515365183353424,0.005853339098393917,3.6010797023773193,-0.010455740615725517,0.011346067301928997,-8.644817352294922,0.019856827333569527,0.008486985228955746
data/train_audio/fiscro/XC112517.mp3,0.4905970982142857,219967,-64.19273376464844,-68.92610931396484,1.416897016381924e-10,1.0595594091000748e-07,5170.391856886219,-1.9406634712717443,-1.8443858587040063,0.5858511328697205,0.3927878737449646,0.3728036880493164,0.49733173847198486,0.5494402647018433,0.4556509554386139,0.3900250494480133,0.3860766589641571,0.47239381074905396,0.6952055096626282,0.8993291258811951,0.8386895656585693,129.19921875,7965.2302734375,0.9383267164230347,2789.152984562662,3093.512913683588,3330.211101999674,-358.06298828125,-0.35664334893226624,-0.25687989592552185,8.794979095458984,-0.005195894744247198,0.004196357447654009,18.857969284057617,0.015442279167473316,-0.008584740571677685,12.89907169342041,0.0014064909191802144,-0.009096140041947365,-15.58614730834961,0.003605782752856612,0.014067529700696468,21.750402450561523,0.0025207584258168936,-0.010441229678690434,3.0108859539031982,-0.005628439597785473,-0.007485239766538143,12.702277183532715,-0.020310739055275917,-0.0032290497329086065,-8.598398208618164,0.005010954570025206,0.00397732388228178,15.567742347717285,-0.018216630443930626,-0.0017562018474563956,-9.114432334899902,-0.0034637809731066227,0.004273485392332077,5.4988627433776855,-0.012142891995608807,-0.0019247839227318764,-12.08089542388916,0.004940290004014969,0.001945188152603805,5.65108585357666,0.0025513600558042526,-0.0035555583890527487,-4.186143398284912,0.010697034187614918,0.0025941289495676756,0.007170828524976969,-0.00749653996899724,-0.002283833222463727,2.372406005859375,-0.01310606300830841,-0.004917262587696314,-5.239169597625732,0.0003391483915038407,-0.0008138757548294961,1.964225172996521,0.0026477340143173933,0.003412095131352544,-10.539857864379883,0.027804506942629814,0.0029385166708379984
data/train_audio/fiscro/XC129859.mp3,0.13586671847611745,79475,-63.463539123535156,-79.50130462646484,-1.9877031718351645e-06,-1.437362971046241e-05,1806.9046388144322,-0.476565390917927,-0.05374919968772279,0.5595322251319885,0.3954612612724304,0.3398885130882263,0.33044472336769104,0.3835159242153168,0.44197219610214233,0.5482004880905151,0.4077259302139282,0.36820563673973083,0.43081000447273254,0.5786088705062866,0.5786641240119934,135.99917763157896,3095.8084200057515,1.0028761625289917,1404.410258850288,1791.4383648081766,2165.747042442169,-218.71185302734375,0.14424119889736176,-0.04511753097176552,142.8101806640625,0.055375754833221436,-0.002763305092230439,-83.77253723144531,-0.0061444006860256195,0.010880296118557453,17.135208129882812,-0.005015267059206963,-0.00541503494605422,-30.907339096069336,-0.019538166001439095,0.0029185949824750423,16.464353561401367,0.007616344839334488,-0.0010963530512526631,-16.572935104370117,-0.030925389379262924,0.012529796920716763,-7.102096080780029,0.013542002066969872,-0.005467935930937529,-17.9345703125,0.009774676524102688,0.0016245540464296937,5.021093368530273,-0.007911616936326027,-0.0024178815074265003,-13.093954086303711,-0.0012015176471322775,-0.00765819288790226,-13.977960586547852,0.010084894485771656,0.0022325750906020403,18.09842300415039,0.01251647062599659,-0.004510121885687113,-10.684974670410156,-0.0021897025872021914,-0.003552469424903393,3.388286828994751,-0.0012732931645587087,-0.004034694284200668,0.8429409861564636,-0.01012013666331768,-0.0021646572276949883,9.547855377197266,-0.005425021052360535,-0.00016699079424142838,-3.20967173576355,0.0046893940307199955,0.003699247958138585,2.1468026638031006,0.00923989713191986,-0.0015441087307408452,-0.2228594720363617,-0.0038718157447874546,0.0024922778829932213
data/train_audio/fiscro/XC130577.mp3,0.12208669777684564,28018,-50.35382080078125,-64.7715072631836,2.0383062349083048e-07,2.6308158339816146e-05,2021.890027597258,0.32240860669083166,-0.3182491733328234,0.4082663357257843,0.3738425374031067,0.39137646555900574,0.479754775762558,0.6055091619491577,0.5779263377189636,0.5339405536651611,0.5461789965629578,0.6238836050033569,0.7543851733207703,0.6102734208106995,0.48096758127212524,172.265625,3796.2748073091443,1.0974818468093872,2080.511551233092,2681.914166767737,3247.701030562537,-188.3435821533203,0.004256997257471085,-0.3528120219707489,118.6390151977539,-0.022947708144783974,0.00735008530318737,-30.765653610229492,0.016390157863497734,0.0378689281642437,8.588018417358398,-0.00226803170517087,-0.01869659312069416,-4.303554058074951,-0.0002224322670372203,-0.0030152355320751667,10.88025188446045,0.022869259119033813,-0.001486077904701233,-1.602609395980835,0.002720118034631014,0.03697197511792183,4.334105968475342,0.011120588518679142,0.013504363596439362,-6.296760082244873,0.021488426253199577,-0.018995845690369606,8.84218692779541,-0.02733428217470646,-0.03020668961107731,2.295802593231201,-0.012886939570307732,-0.008616866543889046,-0.44320833683013916,0.03438395634293556,0.008502383716404438,-2.8106648921966553,-0.008707333356142044,0.012269821017980576,1.9262056350708008,-0.03178086131811142,-0.004578778985887766,-4.853719711303711,0.004943056032061577,-0.008025916293263435,2.233029842376709,0.0326169990003109,0.0025165919214487076,-1.0080273151397705,0.006272454746067524,-0.0007819361053407192,1.409368634223938,-0.005790554918348789,-0.02093314193189144,-4.899324417114258,0.015464209020137787,0.005043018609285355,0.12607987225055695,-0.0231470949947834,0.015920907258987427
data/train_audio/fiscro/XC130578.mp3,0.10977519487750557,25312,-48.69367599487305,-66.82303619384766,2.519291456337669e-06,2.068394223897485e-06,1880.0391586066346,1.8314029171937152,0.20545571376146302,0.45631733536720276,0.4001554548740387,0.48253151774406433,0.6428009271621704,0.5425293445587158,0.47619742155075073,0.48203861713409424,0.5593718886375427,0.7540487051010132,0.6110101938247681,0.4665428698062897,0.4153384864330292,215.33203125,3485.4774390137804,1.072482943534851,1930.0062571088945,2555.0539364287783,3145.951809649314,-187.51254272460938,0.05137872323393822,-0.29530948400497437,123.66190338134766,-0.061775755137205124,-0.021408313885331154,-40.75682830810547,-0.042917896062135696,0.023174570873379707,6.381743431091309,-0.0021480144932866096,0.0016500535421073437,-3.4010887145996094,-0.053367480635643005,0.0131598599255085,17.455196380615234,-0.038057535886764526,0.00029274774715304375,3.256270408630371,-0.0005604642210528255,-0.013132239691913128,5.199886322021484,-0.018165528774261475,-0.0023512346670031548,0.051509663462638855,-0.02063872665166855,0.005610523745417595,4.1559367179870605,-0.011418652720749378,0.006884172558784485,-1.7875874042510986,-0.026337113231420517,0.015322288498282433,2.174140453338623,0.0028344783931970596,0.012268193997442722,-6.173814296722412,-0.014347451739013195,0.025515539571642876,-2.2600958347320557,0.0006944618071429431,-0.0006476319395005703,-2.6285135746002197,0.008130648173391819,-0.0027878268156200647,3.2257494926452637,-0.0030409444589167833,0.006965647451579571,-6.4608588218688965,-0.00817312765866518,0.009381512179970741,3.48831844329834,-0.0009429173660464585,0.0031938208267092705,-3.9615347385406494,-0.013062750920653343,0.01688441075384617,-1.9307745695114136,-0.007730473298579454,-0.009450031444430351
data/train_audio/fiscro/XC130579.mp3,0.13181225020672546,61328,-54.0862922668457,-76.08677673339844,1.7724328245094512e-06,2.1164514691918157e-06,2148.0971835550286,-0.028591144025927853,0.09594240254778888,0.4617078900337219,0.45513972640037537,0.4060361981391907,0.4625590145587921,0.6027355790138245,0.5431767702102661,0.5291333794593811,0.5368025898933411,0.629939615726471,0.7014642357826233,0.585688591003418,0.5069625973701477,215.33203125,3853.624290457897,1.0119038820266724,2144.546523789514,2765.983269998962,3338.8874306764874,-231.37417602539062,-0.046589575707912445,-0.1376844048500061,108.64607238769531,0.0024734174367040396,-0.006160817574709654,-34.24729537963867,-0.0021517137065529823,-0.0011912933550775051,6.267994403839111,-0.002677385462448001,-0.0009172533173114061,-1.4489904642105103,0.0054390523582696915,0.002415191847831011,9.57233715057373,-0.030720876529812813,-0.015212643891572952,8.098158836364746,-0.004042608197778463,0.003970774356275797,7.272039413452148,0.021363966166973114,0.0017575029050931334,-4.875308036804199,0.004438225645571947,-0.008295251987874508,7.857412338256836,-0.0026516057550907135,-0.0032856801990419626,0.7748211026191711,-0.0010749686043709517,0.006861169822514057,0.26177117228507996,0.007943615317344666,0.004583683330565691,-3.8469419479370117,-0.0024520563893020153,-0.003533049486577511,0.3392178416252136,-0.003591964952647686,-0.0025337496772408485,-4.001970291137695,0.0009208669071085751,0.004715243820101023,3.578765630722046,-0.0035563798155635595,-0.0073539181612432,-3.2249386310577393,-0.0009614424780011177,-0.0085658123716712,1.0149636268615723,-0.0014245380880311131,-0.0019190373132005334,-6.441097736358643,0.004108330234885216,0.002781798830255866,-0.013034606352448463,-0.008295519277453423,0.0018118928419426084
data/train_audio/fiscro/XC130580.mp3,0.15681844682835822,16228,-48.367557525634766,-61.72034454345703,6.081818355596624e-07,-1.4894141713739373e-05,2596.1359719412285,-1.5378085760488116,-0.5970201975402288,0.6171579957008362,0.5902574062347412,0.5536051988601685,0.5593277812004089,0.5496963858604431,0.5415830612182617,0.5746638178825378,0.5411355495452881,0.5217310786247253,0.6230958104133606,0.5551172494888306,0.5891457796096802,66.25600961538461,5330.485511893657,1.0345978736877441,2447.8324510018115,2933.904468275719,3390.2460600385216,-251.76991271972656,0.1362207531929016,-0.5696478486061096,85.97822570800781,0.05568123236298561,-0.00289036869071424,-16.540918350219727,-0.023279042914509773,-0.007550491020083427,24.209514617919922,0.0030104010365903378,0.012808483093976974,-5.119427680969238,0.03464393690228462,0.017422284930944443,6.830755233764648,0.02710888348519802,-0.0034556163009256124,-6.381901741027832,0.0537685863673687,0.015594045631587505,10.493003845214844,0.02167799137532711,-0.023073462769389153,0.04122829809784889,-0.0052045066840946674,0.03210165351629257,4.802740097045898,0.009255134500563145,0.012856118381023407,-3.269794225692749,-0.04195312783122063,0.030678607523441315,3.5758514404296875,0.0023299022577703,-0.013421254232525826,-2.744856119155884,0.0660262480378151,-0.051576532423496246,2.9318788051605225,0.036527812480926514,-0.010350807569921017,-4.105995178222656,0.023723678663372993,-0.02363894134759903,1.7134859561920166,0.032267067581415176,-0.023922253400087357,-3.062253952026367,0.012731035239994526,0.00018372286285739392,2.282228946685791,0.01225700881332159,0.030470579862594604,-2.6252965927124023,0.029890207573771477,0.010843195952475071,0.5682090520858765,-0.018149305135011673,0.02977736108005047
data/train_audio/fiscro/XC130581.mp3,0.13686628821942445,48790,-60.057106018066406,-78.64958953857422,2.3708290086688066e-07,3.366527323578339e-07,2439.472043963474,-0.2548642058101228,0.14420216018096135,0.4613957405090332,0.4452020227909088,0.4436661899089813,0.48850417137145996,0.520683765411377,0.6673576831817627,0.631788432598114,0.44093161821365356,0.4221411347389221,0.47505804896354675,0.48122066259384155,0.4567314386367798,172.265625,4552.800767198741,1.3735105991363525,2157.8208586064816,2683.723480065013,3184.562946164588,-210.38497924804688,0.012551408261060715,-0.15221546590328217,83.14198303222656,0.008618139661848545,-0.030499393120408058,-39.05853271484375,0.0212438702583313,0.008432155475020409,5.942533016204834,0.030773546546697617,-0.014026203192770481,-9.215568542480469,0.01608780212700367,0.008045703172683716,23.892276763916016,-0.005243232939392328,-0.0016956618055701256,3.4826548099517822,-0.014910316094756126,0.006330724805593491,-0.22629600763320923,-0.013356819748878479,0.001983470283448696,-0.5231948494911194,-0.011853594332933426,-0.0030209270771592855,4.337770462036133,0.0008929643663577735,-0.01743694208562374,0.5329979062080383,0.01082660723477602,-0.00753044243901968,1.7034380435943604,0.015455950051546097,-0.00454556941986084,-5.646204948425293,0.013771695084869862,-0.0014322029892355204,0.5846008658409119,0.0116479666903615,0.003332237247377634,-1.5174105167388916,-0.0015995684079825878,0.004535711836069822,4.733428001403809,-0.016135118901729584,-0.004709221888333559,-1.6448988914489746,-0.008492504246532917,-0.0008047405863180757,-0.1567959189414978,0.005700455978512764,0.00023116328520700336,-3.596449613571167,0.0025880360044538975,0.009686573408544064,0.047478437423706055,-0.007615416776388884,0.002113574417307973
data/train_audio/fiscro/XC130582.mp3,0.18545504733248874,84432,-50.75083541870117,-67.08818817138672,1.1722723911589128e-06,-6.446294264605967e-06,2814.664571620032,-0.9079187134387456,0.2995945398239688,0.500646710395813,0.492355614900589,0.5528373122215271,0.6154079437255859,0.5915571451187134,0.5377726554870605,0.5254364013671875,0.5046224594116211,0.4798976480960846,0.46917223930358887,0.5062552094459534,0.5530554056167603,161.4990234375,5337.7852156355575,1.075637698173523,2356.895896598889,2842.022015207914,3289.50404033122,-224.17578125,-0.2253817766904831,-0.12957632541656494,67.63159942626953,0.05898590385913849,-0.013371957466006279,-39.96458053588867,0.036272283643484116,0.010576198808848858,15.530660629272461,0.017903927713632584,-0.0029741101898252964,-2.3933629989624023,0.010261058807373047,-0.0009415386011824012,14.99488639831543,-0.03558603674173355,-0.008811765350401402,0.7785083651542664,0.011888411827385426,0.006245380267500877,10.188323020935059,-0.009722025133669376,0.00360098946839571,0.988944411277771,0.019229616969823837,-0.00045518187107518315,8.319559097290039,-0.007071759086102247,0.007471916731446981,1.959113359451294,0.017025357112288475,-0.007699673995375633,7.951066493988037,0.016299311071634293,-0.0009293263428844512,-1.9327329397201538,-0.008879835717380047,0.014692307449877262,4.025105953216553,0.007225850131362677,0.0012741346145048738,-2.635178804397583,0.013448401354253292,-0.0057913740165531635,2.331300973892212,0.00835016742348671,0.003328066784888506,-3.131652593612671,0.003612783271819353,0.007381254341453314,1.9905846118927002,-0.007081299088895321,0.005621845833957195,-4.006544589996338,0.008529474958777428,-0.005143092479556799,0.8312821388244629,-0.017589272931218147,0.001604416873306036
data/train_audio/fiscro/XC139950.mp3,0.4405113345286885,550716,-79.4627456665039,-80.0,3.0860974220559e-06,1.864207064272705e-07,4973.647526616035,0.18902728122609627,0.060350381314461465,0.5491904616355896,0.4490841329097748,0.4030918478965759,0.5238116383552551,0.5760841369628906,0.5899202227592468,0.6687805652618408,0.7146618366241455,0.7048105597496033,0.6301722526550293,0.5662481784820557,0.6469698548316956,151.99908088235293,8079.619640913166,0.9008587002754211,2793.3171783418684,3083.4835468387582,3315.123431511367,-414.37774658203125,-0.013185807503759861,-0.011613992974162102,-27.44900131225586,-0.0020473746117204428,0.0036039359401911497,-46.77952194213867,0.0077635436318814754,0.004682857543230057,-36.56730270385742,0.006430886220186949,-0.00018542155157774687,-24.570514678955078,-0.0019282700959593058,0.001860024523921311,-5.496569633483887,-0.0010248246835544705,-0.0015667207771912217,-22.83866310119629,0.0031134597957134247,-0.0014822022058069706,-4.716512680053711,-0.00481563713401556,-0.0009019941790029407,-15.88735294342041,0.0012628588592633605,0.0008713147835806012,6.860158443450928,-0.0011812509037554264,-0.00022707054449710995,-1.6329231262207031,0.002931516384705901,0.00037645804695785046,0.43595090508461,0.0030412168707698584,0.0031647072173655033,-6.268011569976807,-0.0018064252799376845,0.0019305557943880558,5.9131245613098145,-0.0037650929298251867,-0.0008129687630571425,-1.7591148614883423,-0.0021915629040449858,-0.0007280435529537499,1.8244432210922241,0.001714547979645431,-0.0031257327646017075,0.33534902334213257,0.0002819006622303277,-0.00011194641410838813,2.2897331714630127,0.0032595437951385975,-1.7436117559554987e-05,2.6748030185699463,-0.0007009620894677937,0.0012581981718540192,7.328080177307129,0.0016357408603653312,-1.9986902771051973e-05
data/train_audio/fiscro/XC143134.mp3,0.4614029928563466,795279,-62.101463317871094,-79.78437042236328,3.986726369475946e-06,2.463863893353846e-05,4139.504021067482,0.07950656041804914,-0.02142253323605083,0.1519826352596283,0.13152651488780975,0.14586596190929413,0.16057676076889038,0.18197041749954224,0.2036852389574051,0.1998516321182251,0.33867204189300537,0.9110441207885742,0.4336230754852295,0.20319460332393646,0.17973212897777557,143.5546875,6883.542214846072,1.1206609010696411,2720.00412869808,2928.1462261429706,3115.801084977648,-362.2512512207031,-0.0062165288254618645,-0.00041056188638322055,61.22333908081055,-0.0028800657019019127,0.0019381028832867742,-11.06828498840332,-0.0008235482382588089,0.0024197411257773638,8.736844062805176,-0.001045079668983817,-0.00014231717796064913,-11.680458068847656,-0.0007714952807873487,0.0006136109004728496,23.181596755981445,0.0008956425008364022,0.00044031802099198103,-20.928821563720703,0.0009806167799979448,0.0013213908532634377,15.793545722961426,-0.001944898278452456,-0.0007607844891026616,-20.164567947387695,0.0049156188033521175,0.0009162243222817779,12.419986724853516,0.0004515072505455464,0.0032097119837999344,-7.346887588500977,-0.003509317757561803,0.0006123331841081381,-1.1328359842300415,-0.0005524005391635001,0.0010273527586832643,1.3430733680725098,-0.003923108335584402,0.0006758142844773829,-10.363639831542969,-0.0018672716105356812,-0.0009866434847936034,6.4552412033081055,0.0010851203696802258,-0.0011180719593539834,-12.018287658691406,-0.004134398885071278,0.0008785767713561654,3.490067958831787,-0.0011511986376717687,0.0010711626382544637,-2.9835526943206787,0.0015912344679236412,-0.0004201993579044938,-7.486485958099365,-0.0028232382610440254,0.00034938400494866073,6.060672760009766,0.002222061390057206,-0.0006425798055715859
data/train_audio/fiscro/XC144188.mp3,0.19181094980066613,243473,-67.8001708984375,-79.10285949707031,-1.941048708431481e-07,9.55791801260375e-09,3242.2966799509304,-0.44287715010678835,0.2811568180705024,0.35441258549690247,0.32603535056114197,0.36099907755851746,0.411611407995224,0.473510205745697,0.591820478439331,0.6579697132110596,0.58854740858078,0.4941673278808594,0.47414204478263855,0.42245709896087646,0.38093385100364685,135.99917763157896,6398.664766634285,1.253434419631958,2587.681610177109,3002.1849300301305,3381.2565555642586,-305.0385437011719,0.06256291270256042,-0.057883620262145996,39.8302116394043,0.01498123537749052,-0.0080974530428648,-53.47910690307617,-0.004159750882536173,0.006496502552181482,-36.21742248535156,0.0030870342161506414,0.0054798973724246025,-7.398730754852295,0.005808581132441759,0.002247817348688841,28.39930534362793,0.0032298858277499676,0.0003900240990333259,-14.176447868347168,0.0009078833390958607,0.0014355276944115758,-0.3437204360961914,-0.0022169011645019054,0.0008263764320872724,-6.260162353515625,-0.0006155592272989452,0.001725184847600758,7.673160076141357,-0.004166010767221451,-0.0017377188196405768,-7.165412425994873,-0.0034756166860461235,0.0009552005212754011,2.4650309085845947,-0.0008242229232564569,1.1358138181094546e-05,-6.495260238647461,-0.002518837107345462,0.0019425558857619762,-0.06368827819824219,0.00024593324633315206,2.951279384433292e-05,-2.030872106552124,-0.0013904706574976444,0.001105941366404295,0.6711605191230774,0.0015400470001623034,0.0004085345135536045,-4.594975471496582,-4.016809180029668e-05,0.000516040192451328,2.7583680152893066,0.00275705149397254,-0.0015550225507467985,-5.788934707641602,-2.6273977709934115e-05,0.0014820195501670241,1.1312249898910522,0.001892983098514378,0.0018100496381521225
data/train_audio/fiscro/XC161103.mp3,0.2548078646895717,767960,-79.9995346069336,-80.0,-3.603020104492316e-10,-1.2932618309591248e-09,3370.080946164471,0.28358840227240156,-0.06022487654894051,0.28988000750541687,0.29292580485343933,0.4324968457221985,0.5116837024688721,0.5936141610145569,0.632446825504303,0.5561667680740356,0.49031612277030945,0.40299129486083984,0.3748868703842163,0.3720225393772125,0.3353777229785919,172.265625,6023.2062324706785,1.1017100811004639,2413.772530553442,2781.9664954913255,3143.959063022684,-483.3382263183594,-0.005649554543197155,-0.0021185807418078184,27.016265869140625,-0.004921676591038704,-0.0003188505070284009,-56.562442779541016,0.0033887531608343124,0.0015600529732182622,-25.4875545501709,0.0038099936209619045,0.0013640726683661342,-46.078102111816406,-0.0006851489306427538,-4.2267485696356744e-05,0.38502249121665955,0.0011918267700821161,-0.0005909258616156876,-33.80054473876953,0.00023367273388430476,0.0004068560665473342,-14.502309799194336,0.0014388136332854629,-0.000427643972216174,-14.457749366760254,0.001908392645418644,-0.00018734208424575627,-11.22042465209961,-0.0009103658376261592,-0.0008133277879096568,9.120771408081055,0.0007879146724008024,-0.0009572881390340626,-8.71346664428711,0.0011582319857552648,0.001184548600576818,1.2482600212097168,0.0003895760455634445,0.0011442109243944287,2.228813648223877,-0.0030714713502675295,-0.0005003608530387282,3.871530771255493,-0.002666357671841979,-0.0003225172113161534,2.4147109985351562,0.0017613725503906608,0.00024002432473935187,2.8988020420074463,0.0003163093642797321,-8.180711301974952e-05,3.1691367626190186,-0.0006792977801524103,-0.0010469258995726705,1.0226356983184814,-0.0011215702397748828,4.037513008370297e-06,6.808784484863281,-0.0010655043879523873,0.0010866130469366908
data/train_audio/fiscro/XC163070.mp3,0.27802744825107006,532442,-79.57261657714844,-80.0,3.2191752552535036e-07,1.5720004284958122e-06,3164.9050955792986,0.23991631655542883,-0.0023781720804024555,0.3353833258152008,0.3339356780052185,0.4247357249259949,0.6483415961265564,0.5583476424217224,0.5050750374794006,0.5580102205276489,0.495394766330719,0.39624103903770447,0.3550092577934265,0.39358675479888916,0.36643391847610474,86.1328125,5516.653408093399,1.1008877754211426,2236.0361663699064,2590.4488200605806,2949.1846791677867,-446.5287780761719,-0.006301132962107658,-0.0010548841673880816,46.00787353515625,-0.003698155051097274,-0.0020867283456027508,-33.23617935180664,0.0037567431572824717,-0.0022231158800423145,-12.112411499023438,0.0018554792040959,0.0012528403894975781,-25.953893661499023,-0.0017853168537840247,0.0024397275410592556,9.337944030761719,0.0001620669791009277,-0.0008721125195734203,-16.166746139526367,0.0001314335677307099,-0.00024456350365653634,-7.934905052185059,0.00016944174421951175,-9.571122063789517e-05,-1.6377612352371216,0.0018570193788036704,-0.0020868650171905756,-7.836494445800781,0.0023415428586304188,-0.0005668216035701334,9.983269691467285,0.0023525594733655453,0.0003928456862922758,-9.65099811553955,0.00038137429510243237,0.0008588903001509607,-3.7533786296844482,0.0003479669976513833,0.0010739609133452177,6.346171855926514,0.0009283195249736309,-3.3852247725008056e-05,-3.23876690864563,-0.0008727390668354928,0.000958622433245182,0.5152239799499512,-0.0007530346629209816,0.0012758284574374557,-3.0194127559661865,-0.0009187493706122041,0.001206764834932983,-4.777566432952881,0.00015850970521569252,0.0015028455527499318,-1.7315871715545654,0.0016435396391898394,-0.0010509719140827656,-1.1782498359680176,-0.0004567621508613229,-0.0019412951078265905
data/train_audio/fiscro/XC163071.mp3,0.2544101337414877,248856,-79.63874816894531,-80.0,3.4383123193038045e-07,7.399762580462266e-07,3162.996310827826,-0.112052577411694,-0.014001122902894786,0.46603894233703613,0.38409802317619324,0.4016169011592865,0.4654151499271393,0.5469408631324768,0.6241307258605957,0.6223127841949463,0.6515651345252991,0.5804752111434937,0.5037491917610168,0.44684213399887085,0.46393170952796936,135.99917763157896,5636.042381994009,1.084783911705017,2245.1389322850887,2633.6739598556887,3003.5966614493254,-478.25146484375,-0.001157497870735824,-0.006467160768806934,27.367000579833984,-0.00017007275891955942,-0.002279127947986126,-60.341209411621094,-0.002721573691815138,0.0030234106816351414,-29.1959228515625,-0.004098107572644949,0.0038220342248678207,-17.16871452331543,0.0026860299985855818,0.0013451455160975456,15.574193954467773,0.005605045240372419,0.0007712669903412461,-13.881755828857422,0.005261698272079229,0.0013744346797466278,-11.168848037719727,0.003654003608971834,-0.0037077723536640406,-7.238328456878662,0.00042569544166326523,-0.0017420857911929488,-2.978938341140747,0.0010700291022658348,-0.002394311362877488,0.13380780816078186,0.0008745219674892724,-0.0021037596743553877,-5.956074237823486,0.0019033616408705711,-0.0004963940009474754,2.1903200149536133,0.004716157913208008,-0.0010467717656865716,2.8846538066864014,0.003631636733189225,0.00040948804235085845,5.712615013122559,0.002995226765051484,-0.0016120182117447257,-1.5929332971572876,0.00230883969925344,-0.001818032586015761,-0.27147236466407776,-8.55958933243528e-05,-0.001088236807845533,-0.05028950050473213,-0.0025143104139715433,0.001861373893916607,-2.888181686401367,-0.0036080493591725826,0.0015019049169495702,4.548734664916992,-0.0021297670900821686,-0.0007894741138443351
data/train_audio/fiscro/XC163072.mp3,0.2189170240215694,2872561,-79.95890808105469,-80.0,4.2266310629202053e-07,2.289124040544266e-06,2797.755041542569,-0.034942327142331434,0.002504979608239086,0.2547067701816559,0.23514078557491302,0.261978417634964,0.40101751685142517,0.5041183233261108,0.5708011984825134,0.6155320405960083,0.5965061783790588,0.4770098924636841,0.29098400473594666,0.24601703882217407,0.26739180088043213,161.4990234375,5183.49678285276,1.118293285369873,2122.4019341395297,2526.433919871631,2920.8769853799117,-419.4335632324219,-0.0002632934774737805,-0.000324505876051262,44.619728088378906,-2.3473455712519353e-06,-0.0001341560564469546,-51.4654541015625,-0.00022110917780082673,-0.00015233583690132946,-34.195682525634766,-7.664764416404068e-05,3.986131559940986e-05,-26.40091323852539,0.00039988075150176883,0.00028917728923261166,10.468740463256836,0.00015514477854594588,0.00012009662896161899,-22.062698364257812,0.00018717355851549655,0.00024960559676401317,-16.339412689208984,-0.00020393008890096098,-1.485153643443482e-05,-11.0875825881958,-0.00016048549150582403,8.736135441722581e-07,-1.3923372030258179,0.00023227461497299373,9.16143981157802e-05,9.291230201721191,0.00014379968342836946,-4.850209370488301e-05,-7.21577262878418,3.501983155729249e-05,-5.4515905503649265e-05,0.09779932349920273,-0.0001507706183474511,-0.00018781940161716193,3.566995143890381,-0.0001970893208635971,-0.000285955989966169,4.8489274978637695,3.329058745293878e-05,-7.823108171578497e-05,2.3005266189575195,5.012015390093438e-05,0.000198961075511761,-0.6948177814483643,-4.600025567924604e-05,0.00021690492576453835,2.2519094944000244,-8.514939690940082e-05,0.00023867454729042947,-0.4088025689125061,-0.0002865288988687098,-8.085352601483464e-05,2.748011827468872,6.956340803299099e-05,-6.983188359299675e-05
data/train_audio/fiscro/XC163073.mp3,0.36095844436369506,71659,-80.0,-80.0,1.5581846923851117e-09,3.0372589776561654e-08,3877.3777327093817,-0.7444673786311187,1.0235721297095526,0.15997175872325897,0.1478273570537567,0.195670947432518,0.41260379552841187,0.5621064901351929,0.28284409642219543,0.35184016823768616,0.4525549113750458,0.5926012396812439,0.4244033992290497,0.19271168112754822,0.18965215981006622,89.10290948275862,6020.39425872093,1.0289593935012817,2091.6830836338104,2413.4935774579967,2718.3867711177863,-507.1122741699219,0.0274419654160738,-0.047585632652044296,-0.9712106585502625,0.005468953400850296,0.013258381746709347,-60.320987701416016,-0.04520191624760628,0.044622913002967834,-8.746167182922363,-0.01090852078050375,-0.021983511745929718,-17.233001708984375,0.04840875416994095,-0.015743469819426537,12.372140884399414,-0.009225360117852688,0.015343481674790382,-18.282508850097656,-0.01191960833966732,0.007967544719576836,0.35619595646858215,0.017487000674009323,-0.009410458616912365,-2.644558906555176,-0.018946370109915733,-0.003960178699344397,-1.3751870393753052,0.013905377127230167,0.0029769360553473234,12.187843322753906,-0.012135621160268784,0.003690764307975769,-9.019196510314941,-0.015695365145802498,-0.00714234309270978,1.1741617918014526,0.01844012178480625,0.002436016919091344,7.375201225280762,0.0010467919055372477,0.00736628845334053,3.37019419670105,0.013956218026578426,-0.013753185980021954,-0.2579165995121002,-0.013117245398461819,0.007337248418480158,8.250429153442383,-0.0009092729887925088,0.006072229705750942,-3.142836809158325,0.005427706986665726,-0.006024577654898167,-0.11214104294776917,-0.013439740054309368,0.00789471622556448,0.7076476216316223,0.008085261099040508,-0.007694112602621317
data/train_audio/fiscro/XC163074.mp3,0.3074451980462163,747198,-79.9979019165039,-80.0,2.12572629720853e-07,9.982400115404744e-07,3409.9242496471034,-0.03278454114256186,0.0010583939436914717,0.23086203634738922,0.17020119726657867,0.17671720683574677,0.31742048263549805,0.42327940464019775,0.4449617862701416,0.45193320512771606,0.7439415454864502,0.6518187522888184,0.24962498247623444,0.22542868554592133,0.2419978827238083,135.99917763157896,5948.195587724296,0.9748700857162476,2303.479251946677,2598.1073082782955,2890.350098142327,-424.9835510253906,-7.871913840062916e-05,-0.004331085365265608,35.45014572143555,-0.0025115550961345434,-0.0012234142050147057,-54.66427993774414,-0.0009543899795971811,0.0023514425847679377,-28.979843139648438,0.0024299693759530783,0.0002277685416629538,-34.72157669067383,0.00011863113468280062,0.00048061873530969024,4.9913177490234375,-1.0073084013129119e-05,0.0014864819822832942,-31.990718841552734,0.000913490541279316,0.001214394229464233,-10.202998161315918,0.00034713343484327197,0.0006529878592118621,-9.930329322814941,-0.00038375097210519016,-0.00018743932014331222,-1.0568383932113647,-0.00020379039051476866,-0.0008051839540712535,10.926786422729492,0.002506277523934841,-0.00013363758625928313,-10.984146118164062,0.0015559860039502382,-0.00024785459390841424,3.5699262619018555,-0.0005256262957118452,-0.0012585617369040847,-1.8535382747650146,-0.0008243677439168096,-0.0003328703751321882,7.017499923706055,-0.0027108925860375166,0.00087775569409132,2.8863155841827393,-0.0009821138810366392,0.0004869652329944074,2.5489964485168457,0.0009272790048271418,-0.0006158498581498861,3.063920021057129,-0.0004764702753163874,-3.866203041980043e-05,-1.7399792671203613,-0.0010164672276005149,-0.00020828447304666042,10.151811599731445,-0.0006622033542953432,-0.0019660554826259613
data/train_audio/fiscro/XC163153.mp3,0.30231111909806296,447799,-79.98640441894531,-80.0,2.6042496870104515e-07,1.1452976877990295e-06,3378.2150194419182,-0.5594029021764081,-0.043427900157168665,0.15534678101539612,0.14294877648353577,0.1960609406232834,0.29909271001815796,0.37176841497421265,0.4937586188316345,0.6000508666038513,0.5746116042137146,0.5599691867828369,0.26460394263267517,0.17598094046115875,0.168961763381958,184.5703125,5645.300499867585,1.1352207660675049,2205.506716342576,2530.072177305409,2845.045639775136,-391.86181640625,0.003698063315823674,-0.0010119370417669415,26.253204345703125,0.005824051797389984,-0.000667134765535593,-61.842864990234375,-0.002490212209522724,-0.0016013395506888628,-35.118751525878906,-0.004400535020977259,0.0007469169795513153,-33.88247299194336,-0.0027683062944561243,0.002666129730641842,16.928266525268555,-0.002808180870488286,-5.4328756959876046e-05,-27.11890983581543,0.0006355924415402114,-4.847632590099238e-05,-6.28501033782959,-0.001540212775580585,-0.0006756432121619582,-4.872774124145508,0.004646025598049164,-0.00046972616109997034,2.7739620208740234,0.003210360649973154,0.0006714826449751854,18.003398895263672,0.001335162902250886,0.0008684039348736405,-6.125191688537598,0.0005080458358861506,0.001078602857887745,3.9200994968414307,-0.005058130715042353,0.00028631824534386396,-0.6604010462760925,-0.0011558443075045943,-0.0015802719863131642,3.089630603790283,-0.001473860815167427,-0.0012599756009876728,-0.4248707592487335,0.0007381823379546404,0.00012390919437166303,-0.7343859672546387,0.00030759855872020125,-0.0006169575499370694,1.7146145105361938,-0.0003638657508417964,0.0009020358556881547,-4.633972644805908,0.0033452908974140882,0.0008216596324928105,7.195123195648193,0.001409533666446805,0.0007283066515810788
data/train_audio/fiscro/XC163363.mp3,0.30335248713014795,777349,-79.9979248046875,-80.0,5.5713215374453284e-08,2.304870349689736e-06,3547.988519916731,-0.14508640454359895,0.005301534322434569,0.3324085474014282,0.80059814453125,0.2928923964500427,0.1883888840675354,0.21673867106437683,0.2682918608188629,0.2750281095504761,0.2525339424610138,0.23313067853450775,0.18322688341140747,0.14818988740444183,0.14754807949066162,103.359375,6128.501573003611,1.28276789188385,2326.706291084255,2702.3911125971003,3016.946596756649,-330.392333984375,0.000333033298375085,-0.0006131856935098767,37.986576080322266,0.0004909184644930065,-0.001303827273659408,-38.512420654296875,0.00024683272931724787,-0.0005936723900958896,-17.576370239257812,0.00017128921172115952,0.0011320854537189007,-28.223186492919922,0.0014800033532083035,0.00034664542181417346,8.016368865966797,-0.0003664433606900275,-0.001362825045362115,-22.78620147705078,-0.0010001382324844599,0.0009336664224974811,-21.55079460144043,-0.0003793553332798183,0.0026448576245456934,-19.33134651184082,-0.0020746737718582153,0.0002907822490669787,-3.667335033416748,-0.0005772412405349314,-0.0002134643291356042,-13.960050582885742,0.0016248341416940093,-0.0005386816337704659,14.494086265563965,0.0009646257385611534,-0.0009819148108363152,-13.366409301757812,-0.0005046922015026212,0.00036338932113721967,8.842087745666504,-0.001815764233469963,0.0001456662139389664,9.913029670715332,6.948819645913318e-05,-0.00016431465337518603,-9.18265151977539,0.0024474249221384525,0.0003492876421660185,7.051869869232178,-0.0005398332141339779,-0.0002278783213114366,4.8057637214660645,-0.0016723935259506106,-3.4629370929906145e-05,-10.501930236816406,-0.0003295964852441102,-0.00031169605790637434,10.869278907775879,0.0016215835930779576,-0.0011239871382713318
data/train_audio/fiscro/XC163364.mp3,0.22672195525961156,2036123,-80.0,-80.0,-3.4305297491599163e-10,8.28863255808443e-10,3012.8055816475203,-0.06573996563476336,-0.002160014291360549,0.3566383123397827,0.28639572858810425,0.32070857286453247,0.44552069902420044,0.5015737414360046,0.4481301009654999,0.49060001969337463,0.5456264019012451,0.5150244832038879,0.4568988084793091,0.4335961937904358,0.44422033429145813,135.99917763157896,5270.894169112483,0.9323725700378418,2153.6531336428598,2566.399672865021,2975.6621902107777,-459.1784362792969,0.0005615836707875133,-0.00013731245417147875,29.912351608276367,0.0006082176696509123,-4.1754014091566205e-05,-40.44123077392578,-9.542117913952097e-05,-7.772606477374211e-05,-22.299846649169922,-0.0001453447330277413,-5.147140473127365e-05,-25.587039947509766,-0.00035761986509896815,0.00017206276243086904,-4.991233825683594,-0.0007395466673187912,3.270910747232847e-05,-14.122405052185059,0.00028355378890410066,7.718201231909916e-05,-12.154926300048828,3.64340485248249e-05,0.00013055512681603432,-5.319768905639648,-0.00019417921430431306,3.46308879670687e-05,-2.316441535949707,0.0002861875400412828,2.0449599105631933e-05,9.870637893676758,-0.00041018909541890025,-0.00013812718680128455,-1.693464756011963,0.00010468353139003739,-7.30088067939505e-05,1.4009778499603271,8.3771905337926e-05,-8.234116830863059e-05,12.849715232849121,-0.00045958420378156006,4.9866557674249634e-05,4.251396656036377,0.0002991988731082529,0.00024338507500942796,6.53816032409668,3.2201671729126247e-06,-0.00017491095059085637,4.877420902252197,0.0001154381679953076,-6.552963168360293e-05,0.4228747487068176,0.0004033605509903282,2.8715458029182628e-05,2.6936511993408203,0.00019659087411127985,-0.00019553427409846336,-3.024117946624756,0.00042076254612766206,6.596983439521864e-05
data/train_audio/fiscro/XC163687.mp3,0.19036853474229287,50676,-79.3523178100586,-80.0,-1.4098571199383514e-08,2.400530547674862e-07,3034.4754980304665,0.08225802161484742,-0.08270099460168842,0.40315791964530945,0.35050663352012634,0.41241684556007385,0.45548397302627563,0.44517192244529724,0.4841307997703552,0.5637222528457642,0.6289821863174438,0.5262748599052429,0.48229125142097473,0.5525702834129333,0.48709017038345337,117.45383522727273,6478.42389586344,1.2824198007583618,2643.3225376062137,3069.369303741845,3453.0053695533034,-425.668212890625,0.009525012224912643,-0.014193451963365078,49.30144500732422,0.0009914886904880404,-0.011786249466240406,-26.8649845123291,-0.010353118181228638,0.0020239343866705894,-26.376171112060547,-0.012083211913704872,0.011430421844124794,-19.42319107055664,-0.0022275112569332123,0.011837998405098915,7.1329545974731445,0.009201769717037678,0.0025373671669512987,-11.378883361816406,0.014999019913375378,-0.007267940789461136,-13.07291030883789,0.00801505334675312,-0.005559317767620087,-3.4429409503936768,-0.004838952794671059,0.0058926865458488464,3.7340598106384277,-0.004102758131921291,0.00786732230335474,3.621997356414795,0.001480956096202135,-0.0018935233820229769,1.2571873664855957,0.003764266148209572,-0.013316210359334946,4.258072853088379,0.0022159211803227663,-0.017500223591923714,4.4605889320373535,-5.154848622623831e-05,-0.009537591598927975,3.657010316848755,-0.001751790870912373,0.0005117808468639851,9.027585983276367,-0.0012287928257137537,0.005277684424072504,-3.6832892894744873,-0.0029303820338100195,0.0012875942047685385,2.9364006519317627,-0.004920389968901873,-0.0006220023497007787,-4.518686294555664,-0.006797297857701778,-6.942666368559003e-05,-1.0218186378479004,-0.0047915223985910416,0.0024701294023543596
data/train_audio/fiscro/XC165340.mp3,0.168718955393753,179208,-79.84407043457031,-80.0,1.8320282180184222e-08,9.873335784504889e-07,2457.941574098784,0.18391145473275913,0.08007643920900472,0.3181461989879608,0.29657599329948425,0.31510570645332336,0.3543909192085266,0.4819623529911041,0.6053945422172546,0.6159988045692444,0.5401236414909363,0.43512365221977234,0.36698204278945923,0.3457835912704468,0.3191432058811188,103.359375,4165.833420484352,1.1787028312683105,1983.9552585618571,2565.645118794217,3105.562609978221,-341.44512939453125,0.004729495849460363,-0.01902117393910885,76.22511291503906,0.0003921979805454612,-0.009179039858281612,-68.69522094726562,0.0022831358946859837,0.01302547100931406,-16.966768264770508,0.00620406586676836,0.012595134787261486,-16.59663963317871,-0.006836967077106237,0.00399679085239768,5.6801652908325195,-0.010867876000702381,-0.0035215162206441164,-5.766770362854004,-0.0020865225233137608,-0.0036018132232129574,-7.196834087371826,0.00369879393838346,0.0038873779121786356,-7.953938007354736,0.003020748496055603,0.004706619773060083,-0.5209877490997314,-0.001904279924929142,0.0014418825739994645,4.332836151123047,-0.003010873682796955,0.00029200088465586305,-5.4721150398254395,-0.0027655188459903,-0.0008996176766231656,-8.475790977478027,-0.0026765591464936733,7.273226947290823e-05,3.6929428577423096,0.002185151679441333,-0.0008240835159085691,2.292874813079834,0.004022866487503052,-0.0033829452004283667,1.4705452919006348,-0.002394834766164422,-0.0018450476927682757,-6.919282913208008,-0.004396193660795689,0.0010704525047913194,-1.9109477996826172,0.002342888154089451,0.002345434855669737,-3.6996140480041504,0.0031088455580174923,0.0013042469508945942,-3.216055393218994,0.0005795165780000389,0.0005674734711647034
data/train_audio/fiscro/XC173589.mp3,0.21994791666666666,84564,-79.85523986816406,-80.0,2.7204547947690116e-08,2.8214130907144863e-06,3061.256263182553,1.0024043268717013,-0.24726915659108117,0.3820694088935852,0.34327322244644165,0.3353935182094574,0.42722997069358826,0.5347456336021423,0.5660107135772705,0.556594967842102,0.5162653923034668,0.39594972133636475,0.3198334574699402,0.31141993403434753,0.3392086923122406,172.265625,6122.96630859375,1.2710304260253906,2548.018941160664,3012.2280725473506,3410.5183977674583,-374.9964294433594,-0.0368039533495903,-0.015928274020552635,62.56296920776367,-0.04815002903342247,-0.026113230735063553,-41.09858703613281,-0.014436843805015087,-0.008648591116070747,-19.999393463134766,0.015647228807210922,0.0036071916110813618,-6.838718891143799,0.010098680853843689,-0.002711300738155842,8.876346588134766,0.00876395683735609,0.004465689416974783,-14.616131782531738,0.015615031123161316,0.004877560306340456,-13.864239692687988,0.0173228420317173,0.0031498977914452553,-18.81728172302246,-0.00023192341905087233,0.004560713190585375,1.7040657997131348,-0.001184294349513948,0.005603790283203125,-7.762869834899902,0.008652753196656704,0.00618774676695466,2.5183818340301514,-0.00414920412003994,0.004257224500179291,-9.459600448608398,-0.00014216231647878885,0.0044378433376550674,2.9292118549346924,0.009444626048207283,0.003516110824421048,-10.859088897705078,0.013019032776355743,0.001714823069050908,3.784121036529541,0.006081379018723965,0.0037578074261546135,-7.714109420776367,-0.007189073134213686,0.0023184753954410553,4.101986885070801,-0.006247680634260178,-0.001938754110597074,-8.488042831420898,-0.0029426943510770798,-0.003921056631952524,4.325306415557861,-0.002898068632930517,-0.00574685400351882
data/train_audio/fiscro/XC173590.mp3,0.2536666908295976,623271,-79.99925231933594,-80.0,2.971172641252906e-08,1.4281462199505768e-06,3396.8532621120053,-0.05131592131061512,0.004241352478693146,0.3283923864364624,0.3825468122959137,0.396729052066803,0.3788425624370575,0.4192507565021515,0.5401227474212646,0.607738733291626,0.5313759446144104,0.5166670083999634,0.48170605301856995,0.4051191508769989,0.36121973395347595,86.1328125,6290.009817548152,1.2067946195602417,2409.251524485663,2801.0140762183764,3158.851961300998,-339.2227478027344,-0.0016687503084540367,-0.006450166925787926,29.537973403930664,-0.0016440764302387834,-0.00480511924251914,-60.235469818115234,-0.0011482143308967352,0.0016075532184913754,-21.26814079284668,0.004746079910546541,0.0026026854757219553,-32.44809341430664,0.0032220236025750637,0.0008598043932579458,-5.519528865814209,0.0003078129084315151,0.000431663152994588,-24.023900985717773,0.00014332476712297648,0.00234778318554163,-3.863154649734497,-0.0025389392394572496,0.0006100802565924823,-14.974109649658203,7.64931901358068e-05,0.0011783831287175417,4.520423889160156,0.000421136588556692,0.0007282306323759258,-5.846426010131836,0.00027764172409661114,-0.0008943410939536989,-1.9236150979995728,-0.00042670685797929764,-0.0003059540467802435,-6.344722270965576,0.0008804422104731202,6.293311162153259e-05,-4.205788612365723,-0.00021180180192459375,0.0004222164279781282,-2.175473213195801,0.0011234564008191228,-0.00032283979817293584,-3.1331748962402344,0.0004458550247363746,0.0012768006417900324,0.3612315058708191,-0.00036679624463431537,-0.0006887810886837542,0.9827666878700256,0.0020091873593628407,7.65702934586443e-05,-1.1655421257019043,-0.0014867379795759916,-6.9556981543428265e-06,6.785338878631592,-0.0019550661090761423,0.0002863009285647422
data/train_audio/fiscro/XC177579.mp3,0.21674588360363925,105319,-43.11519241333008,-55.67067337036133,3.5403145375312306e-06,-0.00012684700777754188,3240.329764154226,-0.36214227138651145,-0.22228462761960635,0.5284610390663147,0.5609444379806519,0.5622459650039673,0.6003344655036926,0.6746205687522888,0.7112489938735962,0.6980507373809814,0.6788312196731567,0.6346110701560974,0.5766456127166748,0.5143086314201355,0.4915388524532318,143.5546875,6138.98446771163,1.2097598314285278,2583.4594530261106,2913.1278302884193,3217.1747826600167,-68.32626342773438,0.10234060138463974,-0.1351613849401474,57.59206771850586,0.030047573149204254,-0.010353629477322102,4.743569850921631,0.006820919923484325,0.01102717686444521,30.543380737304688,0.012292739003896713,0.0011534595396369696,-9.55804443359375,-0.0021010451018810272,0.016642099246382713,46.86471939086914,0.006585602182894945,-0.0014244785998016596,-11.222009658813477,-0.009902698919177055,0.002256465842947364,10.147744178771973,0.011891401372849941,-0.003955129999667406,1.6806727647781372,-0.0006480704760178924,-0.001210334012284875,8.61015510559082,-0.0063451300375163555,9.989398677134886e-05,1.9915128946304321,0.004126881714910269,0.007930569350719452,4.5264716148376465,0.019685804843902588,0.0005652220570482314,-3.701953411102295,0.0025941531639546156,0.0036751157604157925,2.448230743408203,-0.001413705525919795,-0.0018329640151932836,1.2981868982315063,-0.005707573611289263,0.0029859263449907303,3.169628858566284,-0.0031550026033073664,0.0011391828302294016,-3.207198143005371,-0.005482529290020466,0.008151965215802193,3.636324167251587,-0.005817530211061239,-0.00022974610328674316,-3.3752150535583496,-0.004050490912050009,-0.0004186478035990149,3.6370108127593994,-0.007459532469511032,-0.006202543154358864
data/train_audio/fiscro/XC177580.mp3,0.14928747106481483,66127,-57.27656555175781,-78.40489196777344,-1.679615343164187e-05,-0.0003468263312242925,3047.2010341212163,-1.0043115147458779,-0.021035089064394902,0.6159488558769226,0.712893545627594,0.641185462474823,0.5420059561729431,0.5383558869361877,0.575469970703125,0.5398321747779846,0.6092835664749146,0.6906285285949707,0.5974270701408386,0.555866003036499,0.5316159129142761,78.30255681818181,6536.9720458984375,1.0530240535736084,2887.009035121355,3277.9311219060532,3642.395009131264,-202.76869201660156,-0.002695754636079073,-0.06033704802393913,64.99311828613281,-0.010544274002313614,-0.04134513810276985,10.811104774475098,0.002530954545363784,0.002467513084411621,22.25967025756836,0.007924066856503487,-0.006336098071187735,6.827351093292236,0.017695555463433266,-0.010244269855320454,27.743104934692383,0.01236915122717619,-0.0036205218639224768,-2.429788827896118,0.0175044983625412,0.005966517608612776,9.785009384155273,0.008089309558272362,0.002332365605980158,-0.8579078912734985,0.0024861914571374655,0.0041703712195158005,3.4017581939697266,0.011988645419478416,0.00636569457128644,0.8973433971405029,0.0049966792576014996,0.0003777491219807416,1.480708122253418,0.006127980537712574,0.0076813544146716595,-1.0995941162109375,7.593355985591188e-05,0.003586020553484559,2.0227975845336914,0.0065808724611997604,0.0009815357625484467,-3.675450563430786,0.0034595970064401627,0.003067007753998041,1.5505179166793823,-0.0012646833201870322,-0.0033311708830296993,-3.759969711303711,0.005321199540048838,0.0012017919216305017,2.9191439151763916,0.005774956662207842,0.001961443107575178,-2.536722421646118,0.003579970682039857,-0.004222118761390448,1.6984137296676636,0.00288607575930655,-0.0035828743129968643
data/train_audio/fiscro/XC180082.mp3,0.18182956671693476,104320,-79.80329895019531,-80.0,-6.215278069987562e-09,-2.0163362535186025e-07,2762.6569036095348,-0.11421296759414377,0.11446888815618696,0.31568458676338196,0.3592371642589569,0.43378663063049316,0.6548910737037659,0.7231848835945129,0.535875141620636,0.44705674052238464,0.4369523227214813,0.4008941054344177,0.3594132959842682,0.3317548334598541,0.32407882809638977,95.703125,5066.537549220844,1.1369389295578003,2109.467760136894,2568.4830308880737,3011.6423137695506,-303.48095703125,0.007393667474389076,-0.07141935080289841,36.652618408203125,0.03144155815243721,0.005304964724928141,-95.54724884033203,0.04326402023434639,0.018232721835374832,-41.700870513916016,0.013464940711855888,0.008045393042266369,-51.817623138427734,0.013542051427066326,0.013102090917527676,-1.381514310836792,-0.04288441315293312,0.0179312601685524,-25.57057762145996,0.01796380802989006,0.014603356830775738,-12.699630737304688,-0.01630101539194584,0.014621659182012081,-19.945098876953125,0.00478334678336978,0.01013815775513649,-3.4543070793151855,-0.025323549285531044,0.00797200482338667,-7.874198913574219,-0.0025663154665380716,0.011231014505028725,-1.3957632780075073,0.006017932668328285,0.003337570233270526,-10.216267585754395,0.0055485316552221775,0.010628785006701946,-6.579288482666016,-0.005383459385484457,0.012270220555365086,-6.511669158935547,0.000863106339238584,0.006133796647191048,-1.60859215259552,-0.008385595865547657,0.002825664822012186,-4.892300128936768,-0.01026117242872715,0.00812098104506731,0.2171383798122406,0.003871824825182557,0.0038369973190128803,-8.545985221862793,0.000794660416431725,0.0017342009814456105,-2.416243553161621,-0.004188210237771273,0.0012881193542852998
data/train_audio/fiscro/XC186704.mp3,0.2061322380514706,71888,-77.4205322265625,-80.0,-9.202547346376377e-08,-2.5993969643423043e-07,3273.7291640893845,-0.335174000214468,-0.6426368255636148,0.23310917615890503,0.3334902226924896,0.42778509855270386,0.5206578969955444,0.6065856218338013,0.5909837484359741,0.6543484926223755,0.7123125791549683,0.6062089204788208,0.44048550724983215,0.25113844871520996,0.2037694752216339,112.34714673913044,6381.792243508731,1.0701724290847778,2639.252505745167,3204.681439492883,3694.7627175351904,-400.21051025390625,-0.09713172912597656,0.012897438369691372,-11.97998332977295,0.04137610271573067,0.02249951660633087,-117.10328674316406,0.007463413290679455,-0.0025302767753601074,-64.24727630615234,0.018024088814854622,-0.006435899995267391,-22.538890838623047,0.027632780373096466,-0.01919735036790371,-0.9292746782302856,-0.026653019711375237,0.021441444754600525,2.2101314067840576,0.03889049217104912,-0.0035156751982867718,-14.584007263183594,-0.021984439343214035,0.015425524674355984,-4.143617630004883,0.00570263247936964,-0.0017667084466665983,7.9833526611328125,0.02178064174950123,-0.004094985313713551,6.844208717346191,0.016089562326669693,-0.004847944714128971,2.447577714920044,-0.026055553928017616,0.007283044513314962,0.8830167651176453,-0.010659736581146717,0.005601628217846155,2.739978075027466,-0.005062943324446678,-0.008970333263278008,1.6563040018081665,0.017499929293990135,-0.004032115917652845,-0.2776165306568146,-0.007070667576044798,-0.009762831963598728,-0.9532361030578613,0.0005748496623709798,0.005905902944505215,1.1498298645019531,-0.015248259529471397,-0.004238102585077286,4.081923007965088,-0.001996490638703108,0.010095855221152306,-2.186819553375244,-0.006943609565496445,-0.0014522889396175742
data/train_audio/fiscro/XC192286.mp3,0.18869580974905004,152682,-77.12094116210938,-80.0,3.963748724800098e-07,7.131550319172675e-07,2760.6674004450347,0.11793177443013043,0.02680413241796275,0.36268535256385803,0.37411820888519287,0.37667348980903625,0.4595349431037903,0.48272818326950073,0.4485597610473633,0.5314856171607971,0.6378722786903381,0.5864689946174622,0.48119521141052246,0.3726881742477417,0.33043453097343445,117.45383522727273,4718.955780087278,1.070678472518921,2068.656188124745,2586.0479843459148,3056.012946951563,-384.1532287597656,-0.016715032979846,-0.016006125137209892,43.5655632019043,-0.001193232019431889,-0.00620392756536603,-83.35645294189453,0.016418568789958954,0.009626369923353195,-17.72998809814453,-0.0012330537429079413,0.0047011482529342175,-17.763477325439453,-0.004494020249694586,0.005597728304564953,-2.175894021987915,0.0058222138322889805,0.004942721221596003,-13.202224731445312,0.005030954722315073,-0.003191547002643347,-2.548513889312744,0.002249578246846795,-0.0010234200162813067,-1.4722199440002441,-0.008765901438891888,0.0010074813617393374,10.911170959472656,-0.008793278597295284,-0.0029212164226919413,3.3814685344696045,0.00991415698081255,-0.0030633655842393637,1.2598798274993896,0.0036409422755241394,-0.0008983018924482167,-5.259507179260254,-0.011374219320714474,0.0015458554262295365,3.2867753505706787,0.0006164737278595567,0.0009327618172392249,-7.235385417938232,0.007820622064173222,-0.00119345064740628,-2.3746519088745117,-0.002381955971941352,0.0018386747688055038,-6.811971187591553,-0.0017121564596891403,0.0033290910068899393,1.1428980827331543,0.0050950730219483376,-0.00036354182520881295,0.17406068742275238,-0.0020530347246676683,-0.002993764355778694,4.722867012023926,-0.005658983718603849,-0.00130569189786911
data/train_audio/fiscro/XC196136.mp3,0.17005866080795395,685080,-75.35374450683594,-79.99964904785156,1.899431545382413e-08,3.7571994653262664e-06,2362.185039724823,-0.026905917020271574,-0.04038851743861113,0.411194771528244,0.39005932211875916,0.40789732336997986,0.43523138761520386,0.47726762294769287,0.5748161673545837,0.6137649416923523,0.5757783651351929,0.5531086325645447,0.5132383108139038,0.4460597038269043,0.4303743541240692,95.703125,3938.43763784135,1.0741406679153442,1940.126470511981,2488.7473672344686,3017.2835065327563,-312.89617919921875,-0.0013793642865493894,-0.005478404462337494,91.92122650146484,-5.0946873670909554e-05,-0.0030760366935282946,-56.41851806640625,0.0035365454386919737,0.00099421467166394,21.589847564697266,0.0019190275343135,-0.0010215721558779478,-4.638383865356445,-0.0011174031533300877,0.0005047330632805824,-4.959053993225098,-0.0007497459300793707,0.0011502978159114718,-4.944749355316162,-6.999113247729838e-05,-0.0006017376435920596,-1.1910560131072998,0.0005208953516557813,0.0007466297829523683,-11.555994987487793,0.00048588940990157425,0.001079623238183558,-1.163896083831787,-0.0010158290388062596,0.0006900809239596128,-7.218048572540283,-0.0018911650404334068,0.0001683458249317482,-8.137548446655273,2.1292380552040413e-05,-0.00011016899952664971,-13.327948570251465,-0.00011712318519130349,0.0008712622220627964,-0.5420189499855042,-0.0015417513204738498,0.0007876830641180277,-10.047274589538574,-3.5323785141372355e-06,-0.00018678484775591642,-5.219641208648682,0.0007537733763456345,-0.00011820562212960795,-6.213502407073975,-0.0005703596980310977,0.0001828104432206601,-2.5332210063934326,-0.0004885749658569694,0.00046720425598323345,-9.178409576416016,0.0006516778958030045,0.0006143689388409257,-0.20056259632110596,0.0008712365524843335,-7.251896749949083e-05
data/train_audio/fiscro/XC196137.mp3,0.16773997486888112,417806,-79.56541442871094,-80.0,6.899913387314882e-06,3.28812052430294e-06,2382.5955184952622,-0.01900506936967135,0.009908637573656932,0.4591546952724457,0.43141505122184753,0.48067614436149597,0.5247807502746582,0.5611881017684937,0.6050436496734619,0.5643285512924194,0.43219563364982605,0.3910283148288727,0.42404836416244507,0.4674997329711914,0.4745950698852539,129.19921875,4057.2438813197373,1.0428177118301392,1937.8808630231479,2486.9715190239463,3015.989441453203,-317.76513671875,-0.002474315231665969,-0.005728551186621189,84.7834701538086,-0.003755030455067754,-0.003552699228748679,-61.07466125488281,-0.0018955663545057178,0.00194042909424752,10.584293365478516,0.0007402388146147132,0.000766248966101557,-10.933465003967285,0.000559399020858109,-0.0008703576750122011,-11.1981840133667,0.0006939938175491989,0.0003198272897861898,-11.859487533569336,0.001417352119460702,0.0002499187830835581,-8.82154655456543,0.0010124942054972053,0.0002591274678707123,-12.487159729003906,0.001419184496626258,0.0014840505318716168,-9.207450866699219,0.00196050014346838,0.0010014446452260017,-7.356997013092041,0.001318039488978684,0.0003554443537723273,-4.416965484619141,0.0003774993820115924,0.000381988676963374,-9.211413383483887,-0.0004256747488398105,-0.0005037960945628583,-6.405123710632324,-0.00040172148146666586,0.0002545590978115797,-7.904323577880859,0.00028725480660796165,0.0019456811714917421,-2.5205695629119873,0.0007216234807856381,0.00033045149757526815,-2.6529998779296875,0.000290791125735268,-0.00175331044010818,-2.5254292488098145,-0.000737181690055877,-0.0007245115702971816,-5.030121326446533,4.228359830449335e-05,0.0004157686489634216,-0.5979547500610352,0.0013527615228667855,0.00021952870883978903
data/train_audio/fiscro/XC196138.mp3,0.1564459170125211,284850,-79.55651092529297,-80.0,1.3179776203742222e-07,1.1858508059958695e-06,2624.2172198825397,-0.1745588916367353,-0.13334110719681896,0.5609658360481262,0.5173646211624146,0.4855721890926361,0.461885929107666,0.41609176993370056,0.4225481450557709,0.4569951295852661,0.507986843585968,0.5375041961669922,0.558073103427887,0.5899533629417419,0.5882354974746704,135.99917763157896,4957.214190601699,1.1511894464492798,2188.5097011737676,2688.587241373359,3159.6173561686587,-235.51617431640625,-0.0007614109781570733,-0.018188506364822388,54.199398040771484,-1.713339952402748e-05,-0.0041609350591897964,-73.52360534667969,0.010015493258833885,0.006747168023139238,-35.10496139526367,-0.0020873472094535828,0.004595738835632801,-42.221893310546875,-0.00790215004235506,0.005124623887240887,-15.027510643005371,-0.002175336703658104,0.0001912669831654057,-44.49650192260742,0.004054827615618706,0.005263563711196184,-15.097061157226562,0.001053562038578093,-3.649307109299116e-05,-16.248830795288086,-0.003803494619205594,-0.0008545531891286373,-7.729748725891113,0.00031523845973424613,-0.00044885854003950953,-13.077412605285645,0.0042696502059698105,0.0012779469834640622,-0.46772316098213196,0.001267930492758751,6.04005363129545e-05,-3.7304887771606445,-0.0037006926722824574,-0.0008525949087925255,2.948345422744751,-0.0017364728264510632,-0.0006221703952178359,-2.601583480834961,-0.0008475905051454902,-0.003291755449026823,1.7124264240264893,0.003641807474195957,-0.00035634206142276525,-1.6960464715957642,0.0016655388753861189,-0.00040138838812708855,1.7696579694747925,-0.0027160225436091423,-0.0006810634513385594,-2.505345344543457,-0.001010108389891684,0.0002702381752897054,1.5255458354949951,0.0005926600424572825,-0.0006972693954594433
data/train_audio/fiscro/XC202305.mp3,0.40811423980052125,260790,-79.35578918457031,-68.49684143066406,2.0625200158885804e-10,-1.6132485143316444e-06,4863.364018323812,-0.6165507576910635,-0.40841085673133476,0.7891604900360107,0.7930459976196289,0.7872936129570007,0.7668614387512207,0.6823250651359558,0.6786839962005615,0.6978839039802551,0.7246166467666626,0.7745431065559387,0.7997255325317383,0.7980852127075195,0.7948441505432129,143.5546875,8584.676798535234,1.0086673498153687,2952.66059392411,3228.6197321885193,3438.3448890833356,-508.2156066894531,0.0891038179397583,-0.015481485053896904,-48.387481689453125,0.054919060319662094,0.03772648423910141,-69.70989990234375,0.052975308150053024,0.03707714006304741,-53.957374572753906,0.045961834490299225,0.03650391101837158,-57.82746124267578,0.03530823811888695,0.03339971974492073,-44.486961364746094,0.03700150549411774,0.02501690573990345,-40.17228698730469,0.027726009488105774,0.019751571118831635,-25.749731063842773,0.03222982585430145,0.006896388251334429,-21.754638671875,0.02225843444466591,0.0037090310361236334,-7.072002410888672,0.008843611925840378,0.006616593804210424,-5.783599376678467,0.004380159545689821,0.0019848146475851536,5.408681869506836,0.0048252297565341,-0.003622418036684394,4.4550557136535645,-0.006870337296277285,0.0016454625874757767,12.465974807739258,-0.0056634098291397095,-0.0008143960149027407,7.588109970092773,0.003143108682706952,-0.004990255925804377,13.058311462402344,-0.005422234069555998,-0.0012824160512536764,6.134080410003662,-0.005259402096271515,-0.0037454040721058846,9.15336799621582,-0.004026935901492834,-0.001237913384102285,1.3336732387542725,-0.0024327714927494526,-0.002262380439788103,4.221108436584473,-0.0007821589824743569,-0.007118348963558674
data/train_audio/fiscro/XC214438.mp3,0.12551225934709823,72078,-66.00914001464844,-80.0,-1.0106904255735571e-06,-5.3875955927651376e-06,2254.954304767001,-0.23194358394378553,-0.06251618745291912,0.39233431220054626,0.39313262701034546,0.3710302412509918,0.39551451802253723,0.37451887130737305,0.40874069929122925,0.46044039726257324,0.49332717061042786,0.5013622641563416,0.48999786376953125,0.4560031294822693,0.406491219997406,129.19921875,4547.5433349609375,1.081216812133789,2312.476369030203,2906.5055710335137,3443.391808128646,-483.2145080566406,-0.15110546350479126,-0.06805146485567093,99.89649200439453,0.027424005791544914,0.005324820056557655,-21.828542709350586,0.05479573458433151,0.013816898688673973,-10.066218376159668,-0.00028457981534302235,0.008799885399639606,-16.651527404785156,-0.00369853968732059,0.007718690671026707,3.908329486846924,-0.00435637729242444,0.0025724428705871105,-12.25638484954834,0.008151188492774963,0.006263765040785074,-4.475790023803711,0.01623615249991417,0.003714835736900568,-7.895338535308838,0.012871922925114632,-0.000925503030885011,-1.2581586837768555,-0.001091999700292945,-0.0023384590167552233,-13.553833961486816,0.0044167740270495415,0.002362830564379692,-5.84659481048584,-0.006736253388226032,0.0018951096571981907,-11.411942481994629,-0.0004999893135391176,0.010860541835427284,-6.646980285644531,0.01014996599406004,0.007072442676872015,-10.890536308288574,0.016523169353604317,0.0026676086708903313,-4.886054515838623,0.00023981758567970246,0.004165083169937134,-8.001441955566406,-0.013237948529422283,0.010068969801068306,-7.042988300323486,-0.0014964588917791843,0.010400292463600636,-10.321019172668457,0.016186978667974472,-2.3809927824913757e-06,-4.284407615661621,-0.0007910936838015914,-0.00031826869235374033
data/train_audio/fiscro/XC252720.mp3,0.32287994123931624,387143,-64.2068862915039,-80.0,-2.0858593416051008e-05,-5.523947947949637e-06,4136.2741700269,0.0852047908404703,0.0008074508632150601,0.4056216776371002,0.4185504615306854,0.464602530002594,0.47672808170318604,0.4875129759311676,0.5615730881690979,0.5310519933700562,0.4298414885997772,0.4478130042552948,0.4592718183994293,0.47886696457862854,0.4169263541698456,161.4990234375,7306.6713303786055,1.0276455879211426,2632.732877413982,3001.6491421018854,3304.300758741638,-362.2592468261719,-0.006570942234247923,0.0007197604281827807,6.668027400970459,0.0006825773161835968,0.001549704815261066,-35.04561233520508,0.0008423803374171257,0.0025289314799010754,1.8205879926681519,-0.00799363199621439,0.00286496733315289,-30.636899948120117,0.003119145752862096,0.003160282038152218,-15.723114013671875,0.006815546192228794,-0.0004667623434215784,-13.907989501953125,-0.006476006004959345,-0.0017313911812379956,-11.035982131958008,0.0013885090593248606,-0.00037548551335930824,-16.041168212890625,0.0027049891650676727,-9.016114199766889e-05,-5.048243999481201,-0.0019887525122612715,0.0012339227832853794,-9.442816734313965,0.0032641126308590174,0.0020589246414601803,-3.18727707862854,0.0013939188793301582,0.002292395569384098,-15.156661033630371,-0.004155730362981558,0.000826150004286319,-5.948923587799072,0.0002464074350427836,0.00011898900993401185,-7.652449607849121,-0.003457762999460101,-0.0007600306416861713,-1.7723102569580078,-3.62318787665572e-05,-0.001618897425942123,-9.836195945739746,-0.0004967726417817175,-0.000929802015889436,-3.4718754291534424,-0.0016914380248636007,0.0010346068302169442,-5.0238237380981445,0.0012050522491335869,-0.0003005320322699845,-1.2830671072006226,-0.0012138774618506432,-0.0022187568247318268
data/train_audio/fiscro/XC264969.mp3,0.22935109773371104,165950,-79.96311950683594,-80.0,-1.7325746171081846e-08,1.560410645140564e-08,3722.8074985834924,-0.5213122707301855,-0.31847895518304997,0.3617574870586395,0.38655924797058105,0.355613648891449,0.3761855661869049,0.3762505352497101,0.4276091456413269,0.6752539277076721,0.7613115310668945,0.5693361759185791,0.4827534258365631,0.48277851939201355,0.41027507185935974,135.99917763157896,6988.286921255311,1.1413705348968506,2659.2434770707027,2995.3496313911505,3304.797079595086,-314.6632385253906,0.12444795668125153,0.058198269456624985,4.959377765655518,-0.016766788437962532,-0.0022796497214585543,-64.7313232421875,-0.05215619504451752,-0.01811506599187851,-44.15069580078125,0.02978130429983139,0.020708736032247543,-28.676124572753906,0.010342353023588657,0.0036290911957621574,12.118511199951172,-0.020139245316386223,-0.014341830275952816,-31.762725830078125,-0.0005172865930944681,0.0013462173519656062,-17.816408157348633,-0.004484124016016722,-0.006334967445582151,-15.063349723815918,0.008909940719604492,0.007813937962055206,-1.8072717189788818,0.005113352555781603,0.009285003878176212,-12.566007614135742,0.0042338743805885315,0.013115298934280872,-4.818243026733398,-0.009652964770793915,0.0021483255550265312,-9.12428092956543,-0.006157581228762865,-0.000645917491056025,-1.6209505796432495,0.007042550947517157,-0.0007622579578310251,-5.163393974304199,-0.0072020418010652065,-0.0044542099349200726,0.3090825080871582,0.0023682876490056515,0.002753956476226449,-6.136712551116943,-0.0007023760699667037,0.0030477899126708508,-1.5648891925811768,0.0046060043387115,0.005709805991500616,-4.83009147644043,-0.006292124278843403,0.003985809627920389,0.6427801847457886,-0.00024140522873494774,0.004448236897587776
data/train_audio/fiscro/XC264970.mp3,0.20470729518581082,38867,-49.20903778076172,-63.63055419921875,3.206651172149577e-06,3.2764312436484033e-06,3626.4165292233765,0.8276281771252463,-0.27085673678817856,0.38912147283554077,0.37710675597190857,0.3851635158061981,0.4525802731513977,0.48124048113822937,0.4905666410923004,0.6060071587562561,0.7427561283111572,0.6204801797866821,0.5396856069564819,0.5245468616485596,0.4443308115005493,99.38401442307692,7103.8037109375,1.295636773109436,2797.55361354272,3137.149780147842,3440.585223813581,-196.21958923339844,0.022816158831119537,0.0017212738748639822,38.60078811645508,-0.010537059977650642,-0.003651905106380582,-17.077585220336914,-0.01016048714518547,0.00020852347370237112,-10.836649894714355,-0.08500067889690399,0.006361574865877628,-5.387518405914307,-0.04063970595598221,-0.0054986062459647655,28.936771392822266,0.002223354997113347,0.0006556265871040523,-14.091506958007812,-0.011854024603962898,0.008037700317800045,-3.7298574447631836,-0.03395954146981239,0.010946454480290413,-6.014808654785156,-0.04362107813358307,0.014909138903021812,12.821003913879395,-0.03410434350371361,0.00045218662125989795,-4.639595985412598,-0.03332710638642311,-4.79972040920984e-05,2.281304121017456,-0.02140500769019127,0.001348808640614152,-0.8964570760726929,-0.025721287354826927,-0.0038228570483624935,3.1850128173828125,-0.031052716076374054,-0.01598851941525936,-1.3119982481002808,0.0019858411978930235,-0.012208531610667706,5.84596061706543,0.007931053638458252,0.006945685017853975,-6.122740745544434,-0.012740100733935833,0.016455087810754776,4.4466938972473145,-0.011001677252352238,0.006930943578481674,-0.7426953911781311,0.0032901326194405556,0.0006666502449661493,-0.5248116254806519,-0.0018800684483721852,0.0038445736281573772
data/train_audio/fiscro/XC265670.mp3,0.4781360537008887,262059,-79.98301696777344,-80.0,1.2854041164800378e-09,3.4802070114636763e-09,5378.732665174179,-0.5417088778032124,-0.072520295478097,0.5826812386512756,0.53490149974823,0.5541086792945862,0.5899331569671631,0.5243291258811951,0.504328191280365,0.5272523760795593,0.5833618640899658,0.5159249305725098,0.49470701813697815,0.6714316010475159,0.7650187611579895,99.38401442307692,8452.859893884472,0.972015380859375,2631.623050667666,2877.654813124731,3068.9957910204694,-439.9132995605469,0.27200189232826233,-0.11619098484516144,-143.6334686279297,-0.07086885720491409,0.06492950022220612,-115.51655578613281,-0.0646069347858429,0.048722658306360245,-49.1457405090332,-0.015405746176838875,0.027847496792674065,-20.60272789001465,-0.008245916105806828,0.011652333661913872,14.093133926391602,0.008923470973968506,-0.0027891371864825487,9.532020568847656,-0.0005015211645513773,-0.006776926573365927,17.210966110229492,0.0014486490981653333,-0.011455845087766647,2.3624467849731445,0.004333051387220621,-0.006467656698077917,11.288554191589355,0.008091640658676624,-0.0037614312022924423,-4.9422760009765625,0.0010102944215759635,0.002829065080732107,4.765676975250244,0.0001402976195095107,-0.0028907444793730974,-9.270644187927246,0.0039327568374574184,0.0032796310260891914,4.832718372344971,-0.004387416411191225,0.0022044810466468334,-6.399373531341553,-0.005884451325982809,0.005244683939963579,3.3493924140930176,0.00031901386682875454,-0.0011149815982207656,-3.2900140285491943,-0.001158620580099523,0.002534272847697139,0.8305378556251526,-0.004960160702466965,-0.003978775814175606,-1.7915412187576294,0.004177477676421404,-0.00012432457879185677,2.2689104080200195,0.004095187410712242,-0.00010622345143929124
data/train_audio/fiscro/XC265671.mp3,0.3205337012374161,146876,-79.98583221435547,-80.0,-3.497940825880619e-09,5.476031184059593e-09,4183.432216136109,-1.1356880075481255,0.06475089216298294,0.40140822529792786,0.36438167095184326,0.32555410265922546,0.309702068567276,0.31942838430404663,0.40324893593788147,0.5553432703018188,0.6575846076011658,0.5253288149833679,0.5638138055801392,0.6297167539596558,0.5646322965621948,151.99908088235293,7567.078292129824,1.0630686283111572,2654.2013082420826,2913.714365984105,3144.1200416773036,-372.0293273925781,0.08439481258392334,-0.03134143725037575,-46.35297775268555,0.00486189778894186,0.023371247574687004,-103.44253540039062,-0.036489952355623245,0.020664066076278687,-48.99552536010742,0.01589113660156727,0.0011049143504351377,-22.139524459838867,0.015198864042758942,0.016335148364305496,1.4676761627197266,0.0007518953643739223,0.015117899514734745,-21.668575286865234,-0.00046749028842896223,0.005268859211355448,2.063678741455078,-0.0009082630276679993,-0.001133131212554872,-10.412229537963867,0.00809082668274641,0.007196986116468906,14.567194938659668,0.009413687512278557,-0.003511692862957716,-10.203739166259766,0.0020255944691598415,-0.003958288114517927,8.767337799072266,-0.01657412014901638,-0.005354638211429119,-8.793482780456543,0.0011601466685533524,-0.000845595495775342,10.035049438476562,0.0034439607989042997,0.005668542347848415,-2.51051926612854,-0.009684435091912746,-0.004847056232392788,2.4482786655426025,-0.008056854829192162,-0.00823831558227539,0.17451167106628418,0.002745525911450386,0.0020653351675719023,-3.1148946285247803,0.014094698242843151,-0.0011696431320160627,1.8332546949386597,0.009968354366719723,-0.000454641820397228,-1.7197860479354858,-0.007569335866719484,-0.00495900958776474
data/train_audio/fiscro/XC267354.mp3,0.621540904112493,563378,-47.21265411376953,-54.27870559692383,2.690880592126632e-06,7.958120841067284e-05,6684.209730232555,0.03042703411683173,-0.10339119678990795,0.36727479100227356,0.4109964668750763,0.37576961517333984,0.4886442720890045,0.46065643429756165,0.3382713198661804,0.4225306808948517,0.4747540056705475,0.5001546144485474,0.7057666182518005,0.981050968170166,0.6625789999961853,129.19921875,9461.122213291408,1.132554054260254,2495.1862865922462,2865.190227186048,3182.582716762312,-189.51480102539062,-0.009771675802767277,-0.07060220092535019,-75.55281829833984,-0.0013276456156745553,0.0057047512382268906,47.92707824707031,-6.624020170420408e-05,-5.86422102060169e-05,40.260250091552734,0.00045074723311699927,-0.0037083590868860483,4.926766872406006,0.002858168911188841,-0.0030269590206444263,-6.383613109588623,-0.009836366400122643,0.005484696943312883,5.075558662414551,0.0003247312270104885,-0.0006388259353116155,15.583866119384766,0.011464620009064674,-0.0022608477156609297,-9.893769264221191,-3.343358912388794e-05,0.003988085780292749,5.9333930015563965,-0.0018951400415971875,0.00739326374605298,0.017774375155568123,0.0019521195208653808,0.005806836299598217,-1.3980965614318848,-0.0036037357058376074,0.003138546831905842,-0.0671025812625885,-0.002774191088974476,-0.0008762527722865343,1.612284779548645,-0.0020539441611617804,0.001063224975951016,3.5295701026916504,-0.0004179290262982249,-0.00041362293995916843,1.1204015016555786,-0.0008380672079510987,-0.0023342128843069077,-4.1731061935424805,-0.00444680405780673,0.005615500267595053,-1.9117354154586792,0.0007812767871655524,0.001954694977030158,-2.0518746376037598,0.008059605956077576,0.001429153373464942,-5.547427177429199,0.005551638547331095,-0.0001786743086995557
data/train_audio/fiscro/XC268223.mp3,0.15021010139065144,181967,-70.43387603759766,-79.99795532226562,-1.1292567592136038e-07,-3.333964968987857e-06,2700.813007692271,0.2969999871630657,0.10671331007416042,0.5972872376441956,0.6083357930183411,0.6180281639099121,0.6313116550445557,0.582517683506012,0.5495679378509521,0.5507258176803589,0.5368914008140564,0.5438925623893738,0.601280927658081,0.6460480690002441,0.6280670166015625,112.34714673913044,5640.173494755314,1.0650840997695923,2597.552370291591,3104.942084819958,3561.33843498091,-252.45753479003906,0.016067735850811005,0.000513493490871042,86.4239730834961,-0.014959809370338917,-0.004475246649235487,-14.642934799194336,0.001795103307813406,0.0016020137118175626,-1.6351444721221924,-0.0020448672585189342,0.002777192974463105,-10.680122375488281,-0.004217013716697693,0.0011551519855856895,0.6659829616546631,-0.005049161147326231,0.0021894006058573723,-11.173555374145508,-0.0014298338210210204,0.0031757436227053404,-0.8010221123695374,0.0032691252417862415,0.0015052062226459384,-10.075472831726074,-0.006266396027058363,-1.3413415217655711e-05,-4.977466583251953,-0.002814225386828184,0.001179669052362442,-12.898653030395508,0.00199216534383595,0.0024375426582992077,-4.176422595977783,-0.00549801392480731,-0.0017269739182665944,-13.131016731262207,-0.007415382657200098,0.0018381651025265455,-6.014663219451904,-0.00999373383820057,0.0029012884479016066,-12.493698120117188,-0.0018355303909629583,0.0015235652681440115,-7.749631404876709,-0.000342291226843372,0.001840385259129107,-14.25330638885498,-0.00569676561281085,2.6808373149833642e-05,-6.59537935256958,0.0024718837812542915,0.0005424619885161519,-12.620219230651855,-0.0022285855375230312,0.0008211706881411374,-6.731085300445557,0.002592287724837661,0.0032791253179311752
data/train_audio/fiscro/XC282291.mp3,0.0770158174276202,502180,-55.52714538574219,-60.676353454589844,-2.5825122520473087e-06,-0.0001178079255623743,1822.3544308733915,0.07938959261721901,-0.006837773474119658,0.6912814974784851,0.6538377404212952,0.6399528384208679,0.5710126757621765,0.5037983655929565,0.5305243134498596,0.520174503326416,0.491472989320755,0.4954606890678406,0.5138013362884521,0.6383059620857239,0.7084595561027527,129.19921875,3907.888099579299,1.03544020652771,2342.034812168721,3015.24086316702,3617.33172690074,-289.6344299316406,0.0065630474127829075,-0.004330996423959732,118.66795349121094,-0.0019135241163894534,0.0011398002970963717,2.825411081314087,0.0011560461716726422,0.0006995853036642075,18.86997413635254,0.0007496526231989264,-0.0023063698317855597,11.291609764099121,-0.0013076058821752667,0.0019692855421453714,13.215466499328613,-0.0004980768426321447,0.0004334096156526357,4.489884853363037,0.0013405983336269855,-0.0003356581146363169,7.577066898345947,-0.0006330392207019031,0.0002596010162960738,-2.470968246459961,-0.0008458379306830466,-0.00030140942544676363,4.563814640045166,0.0005220912280492485,7.869064575061202e-05,-5.434945583343506,0.0002527631295379251,-0.0004035458550788462,0.6291201710700989,0.0006162048666737974,0.0001405295479344204,-2.7199082374572754,-0.0016875338042154908,6.979278987273574e-05,7.7753071784973145,0.0014370516873896122,-0.00012003798474324867,-1.4911391735076904,-0.0006334158242680132,-0.001013637986034155,3.5714805126190186,0.0006818916881456971,-0.00019998788775410503,-1.3136217594146729,-0.000789601937867701,-0.0008066011359915137,3.657050371170044,0.0006774961366318166,-0.00016091781435534358,0.8783731460571289,-0.0003703607071656734,0.0001520366786280647,4.203326225280762,-0.0010315325343981385,-0.00011823917157016695
data/train_audio/fiscro/XC282292.mp3,0.08706615691489361,52431,-56.670265197753906,-69.82769775390625,-1.1981095667579211e-05,-0.00010733719682320952,2045.1784079600816,0.028612884085998033,0.054922762688958245,0.6059707999229431,0.5927700400352478,0.5717373490333557,0.497433602809906,0.5491098761558533,0.5832916498184204,0.4914148151874542,0.4953487515449524,0.5119640231132507,0.5497910976409912,0.6533390879631042,0.6537230610847473,123.046875,4509.080223570479,1.1154320240020752,2398.3074721997946,3002.7400062437437,3556.132997507558,-266.8460388183594,0.05282521992921829,-0.031938694417476654,102.14100646972656,-0.0011939645046368241,-0.008839162066578865,-0.9627645015716553,0.003294596681371331,-0.0005800531362183392,20.880613327026367,0.025474384427070618,-0.0024740230292081833,8.829436302185059,-0.002691656816750765,0.0021093892864882946,18.623844146728516,0.006480130832642317,0.005350066814571619,3.5830373764038086,-0.01411004550755024,0.0002686056250240654,5.498330593109131,-0.004648698028177023,-0.002448213053867221,-2.3649699687957764,0.014925505965948105,-0.0034194220788776875,5.066030502319336,-0.0014349892735481262,-0.005534089636057615,-3.5794224739074707,0.0036154917906969786,-0.0045151375234127045,-0.06517640501260757,-0.00016931453137658536,-0.0029805321246385574,0.06539078056812286,0.0007543565589003265,0.0034867648500949144,4.929637432098389,0.006269617937505245,-0.000960959994699806,0.6302940249443054,0.008916357532143593,0.002003151923418045,3.911759853363037,-0.001163666951470077,-0.005886515602469444,-0.13638350367546082,-0.004823607858270407,-0.002022635657340288,3.0057449340820312,0.0032225376926362514,0.004211326129734516,1.0170789957046509,-0.009028185158967972,0.0003953408158849925,4.365103244781494,0.007200190797448158,0.0013293380616232753
data/train_audio/fiscro/XC286406.mp3,0.11145197303549757,94132,-73.4196548461914,-80.0,1.998418763804466e-09,4.7063545594028255e-07,2266.275135204971,0.5345743824953604,0.37565548406963295,0.5928904414176941,0.5715603828430176,0.5232793092727661,0.5113953351974487,0.5585836172103882,0.6280153393745422,0.605362594127655,0.5893722772598267,0.6197971105575562,0.6515725255012512,0.6574395895004272,0.6251745223999023,95.703125,4795.018375730052,0.9899646043777466,2398.7464031479203,2956.977725600659,3474.324602358953,-296.20294189453125,-0.15588128566741943,-0.11296191066503525,97.84807586669922,-0.04030308127403259,-0.01869412511587143,-20.115543365478516,0.0015402488643303514,0.009066878817975521,8.079645156860352,-0.010786223225295544,-0.0016370273660868406,-11.521498680114746,-0.0008958461112342775,0.004613577388226986,2.6967227458953857,0.004353085998445749,-0.001239596982486546,-9.693472862243652,0.0013753187377005816,0.005479180719703436,-3.1998488903045654,-0.0040178378112614155,0.004399012308567762,-12.084532737731934,0.004462779499590397,0.006153416819870472,-2.304043769836426,-0.007039975840598345,0.005206097848713398,-14.519034385681152,-0.0009306235006079078,0.00446801632642746,-7.881858825683594,-0.0014869486913084984,0.003598684910684824,-15.132867813110352,0.002202099421992898,0.00876927375793457,-7.298353672027588,-0.0026540448889136314,0.004498588386923075,-12.640623092651367,0.003409676719456911,0.004355996381491423,-7.310111999511719,0.0015403068391606212,0.0031786691397428513,-12.563501358032227,-0.0029468743596225977,0.004266579635441303,-8.785176277160645,-0.0038644340820610523,0.0028562783263623714,-13.048176765441895,6.931326061021537e-05,0.005058480892330408,-5.073669910430908,-0.00461302837356925,0.004196154419332743
data/train_audio/fiscro/XC290038.mp3,0.18618180375747317,542430,-79.94063568115234,-79.97747039794922,-2.283558411808606e-11,2.8965462206542725e-06,2703.4740472678372,-0.11755435780414279,-0.24855549988366582,0.4199114143848419,0.3719274401664734,0.32497844099998474,0.3222476541996002,0.321573406457901,0.39046409726142883,0.5439044833183289,0.6879226565361023,0.6434707045555115,0.5813353657722473,0.4645722508430481,0.43159541487693787,129.19921875,4686.093755151552,1.1203681230545044,1980.6064796127855,2491.03535427573,2963.0076528069885,-380.04248046875,-0.021025201305747032,-0.00022311216162052006,32.05382537841797,-0.0009389494662173092,0.005738497246056795,-101.41956329345703,0.0006660607759840786,0.013475039973855019,-31.93399429321289,-0.0005425133858807385,0.00720028905197978,-20.606098175048828,0.004456696100533009,0.005146043840795755,6.767090797424316,0.0011730828555300832,0.0062917303293943405,-20.73577117919922,0.0036569135263562202,0.004473892040550709,-8.77818775177002,0.0004482752119656652,0.0021733036264777184,-7.214865207672119,0.00042292295256629586,0.0019484482472762465,4.754664421081543,0.0003678278299048543,-0.0002813940809573978,-6.829668998718262,-0.0007524004322476685,0.001957561820745468,-3.489743232727051,-0.00034627533750608563,0.001177221187390387,0.41249948740005493,-0.0008354078745469451,-0.0009213025332428515,2.6852340698242188,-0.0013596905628219247,0.0002042858104687184,4.601553440093994,-0.0010776337003335357,-0.0007665999000892043,-0.1517697274684906,0.00046178462798707187,0.0002961590944323689,-1.3967480659484863,0.00018771484610624611,-0.0014901108806952834,0.10588698089122772,-0.0017604742897674441,-0.0004669369081966579,-0.03736581653356552,-0.001211932860314846,-0.0011165417963638902,3.1999125480651855,-0.0013116402551531792,-0.000602578860707581
data/train_audio/fiscro/XC294786.mp3,0.1464617919921875,60067,-34.820308685302734,-80.0,0.0009629624546505511,6.950416718609631e-05,2488.0883802461485,-0.0042076476783009294,-0.22345409901239932,0.55067378282547,0.508156955242157,0.46036583185195923,0.45541077852249146,0.5548056960105896,0.588279128074646,0.5004657506942749,0.5302364826202393,0.5702471137046814,0.5491577386856079,0.561002790927887,0.5773966908454895,60.09265988372093,4923.042022705078,1.1931649446487427,2291.5108212473815,2821.701516814603,3315.7095068497306,-286.3236999511719,0.1493573635816574,0.0018779373494908214,84.84888458251953,0.006306695751845837,0.007231803145259619,-42.491912841796875,0.034370895475149155,0.0070211696438491344,-9.071599006652832,0.047843530774116516,-0.007712476886808872,-19.91223907470703,-0.0392739474773407,-0.0030593215487897396,10.164034843444824,-0.006643428932875395,-0.004224971402436495,-7.8661932945251465,-0.02075822837650776,0.001221087877638638,3.0343146324157715,-0.00951858889311552,-0.005264085717499256,-4.407979965209961,-0.011385140009224415,0.0029262385796755552,1.4192994832992554,-0.00017609595670364797,-0.001429087365977466,-3.5312769412994385,-0.009453228674829006,0.0035469364374876022,0.6842747330665588,-0.0045619322918355465,-0.002916269935667515,-6.033534526824951,0.0026842833030968904,0.0008905825088731945,3.778815269470215,-0.018574997782707214,-0.0016306841280311346,-1.5768346786499023,-0.0158667154610157,0.0006929132505320013,2.3213605880737305,-0.006609311327338219,-0.0007350036757998168,-1.8902746438980103,-0.0047654579393565655,-0.0019843964837491512,2.559563636779785,-0.007631946820765734,-0.0011217296123504639,-4.562985420227051,0.0006601845961995423,0.005568949971348047,2.344106435775757,-0.0013527655974030495,0.007814604789018631
data/train_audio/fiscro/XC306637.mp3,0.25375108868806573,272982,-79.99187469482422,-80.0,-3.055469655066645e-09,8.521920058512933e-09,3848.8962835521725,-0.09809390408597918,-0.009520024656448694,0.38689184188842773,0.36294054985046387,0.37186217308044434,0.3963949680328369,0.4848519265651703,0.5948641896247864,0.5229681134223938,0.479352205991745,0.4948216378688812,0.4790741503238678,0.44714248180389404,0.44276031851768494,135.99917763157896,7506.537188002471,1.180436134338379,2758.9945087543138,3125.9535835296556,3444.804877096664,-391.4570617675781,0.10646383464336395,-0.06390657275915146,-2.2090370655059814,-0.004317261278629303,0.004843593575060368,-72.1826171875,-0.0181823018938303,0.0124311912804842,-35.22114562988281,0.0009309160523116589,0.005657721310853958,-15.134936332702637,0.0038304722402244806,0.000343076215358451,-10.775782585144043,-0.004852420184761286,0.005649966187775135,-18.390026092529297,-0.00032899173675104976,0.0030201461631804705,-9.291282653808594,0.005273598246276379,0.0013009137474000454,-15.096965789794922,-8.433088805759326e-05,0.00414530374109745,-0.42508313059806824,0.005767653230577707,-0.0019451235421001911,-11.412891387939453,-0.00898710172623396,0.0028543586377054453,-5.414547443389893,-0.0049976021982729435,0.00012060640437994152,-13.494087219238281,-0.0030314503237605095,0.002028348855674267,-4.047237873077393,-0.0005032072076573968,0.0013671331107616425,-13.10593032836914,-0.00368215749040246,0.00442377058789134,-1.6713086366653442,-0.00042876609950326383,-0.0017953658243641257,-10.486079216003418,-0.0003320774412713945,0.000714649970177561,-5.275523662567139,-0.003269494976848364,0.0006340685649774969,-10.612070083618164,-0.004428336396813393,0.003985266201198101,-2.7114572525024414,-0.006443300750106573,0.0014809007989242673
data/train_audio/fiscro/XC307917.mp3,0.09396368628263572,232292,-54.339508056640625,-62.367156982421875,3.7244210489006946e-06,-3.840457793558016e-06,1747.1617487552428,-0.16374703726698897,0.0065676952944664635,0.5098128318786621,0.5772910714149475,0.6023837924003601,0.5614747405052185,0.6072514653205872,0.5999073386192322,0.5549775958061218,0.5179420709609985,0.5247743725776672,0.5263501405715942,0.5256906747817993,0.523783802986145,123.046875,3272.2749636571434,0.9907277226448059,2172.310302949138,2892.533359141369,3528.1877577675314,-311.92523193359375,0.014496766962110996,-0.00844587106257677,131.90878295898438,0.013564269989728928,-0.007526949513703585,2.522730588912964,0.0007195842335931957,0.0009134939173236489,-0.13445815443992615,0.0002342896768823266,0.0028411184903234243,-7.140579700469971,0.0049482970498502254,0.0003082218754570931,5.022197723388672,0.007617100141942501,-0.0006248997524380684,0.9127160310745239,0.004412581212818623,0.00037078504101373255,4.308352947235107,0.0017289617098867893,3.259274672018364e-05,-1.5217235088348389,0.0026810201816260815,0.0005736216553486884,4.17224645614624,0.002229329664260149,0.0010761730372905731,-0.6577919125556946,0.001888170256279409,0.00018044837634079158,2.437448024749756,0.003073902800679207,-0.0004129449662286788,-3.791814088821411,0.0018360409885644913,-0.0002689971588551998,1.182073712348938,-3.82218677259516e-05,-9.273870091419667e-05,-3.6775004863739014,0.0004120504017919302,-0.0003764145076274872,1.0404140949249268,0.00029833821463398635,-8.202115714084357e-05,-5.334863185882568,0.0009435419924557209,-0.00022239951067604125,0.38427025079727173,0.00021003866277169436,0.0001810585818020627,-4.060200214385986,0.00021203869255259633,0.0002845582494046539,-1.6846109628677368,0.0003337289090268314,0.0002962971630040556
data/train_audio/fiscro/XC308715.mp3,0.05518077923342234,63620,-66.31253051757812,-76.2171630859375,3.48032394015263e-08,4.487913884076988e-06,1223.256437779859,0.2489040264503283,0.3577064229073133,0.5599438548088074,0.5155969858169556,0.526279091835022,0.5855465531349182,0.6331869959831238,0.5636112093925476,0.5361288785934448,0.5946925282478333,0.6220329999923706,0.6084694862365723,0.5876796245574951,0.5649760365486145,86.1328125,2268.652800087617,1.0786771774291992,1670.6173590550427,2409.9091741368734,3097.416076948816,-371.7086181640625,-0.02081875503063202,0.013753087259829044,158.63284301757812,-0.009325288236141205,-0.021746767684817314,-9.577451705932617,-0.009914540685713291,-0.003890790045261383,14.473108291625977,0.011725304648280144,0.011258747428655624,10.957836151123047,-0.010324397124350071,-0.0020997021347284317,8.659902572631836,0.005571253132075071,-1.6002375559764914e-05,-5.356361389160156,-0.004348693415522575,0.001819254131987691,-1.555923342704773,-0.003748077666386962,0.00219655386172235,-1.3585505485534668,-0.0009009577916003764,-0.0011712040286511183,4.3697428703308105,-0.007234742399305105,-0.0010714237578213215,-2.3770854473114014,0.00699132913723588,0.005458566825836897,4.401011943817139,-0.002066044369712472,0.0034915925934910774,1.855851411819458,0.0001096207633963786,-0.0008396973717026412,3.8580355644226074,0.002819088753312826,0.0032484205439686775,4.158980846405029,0.00428683590143919,0.00022097826877143234,3.5377278327941895,0.0002440240205032751,-6.261670932872221e-05,-1.7413567304611206,-0.005422503687441349,-0.0010951451258733869,2.1193487644195557,0.002633448224514723,-0.0001525026891613379,-2.4465699195861816,0.004869813099503517,-0.0001764784537954256,-2.125467538833618,-0.0022062568459659815,-0.0010614590719342232
data/train_audio/fiscro/XC317052.mp3,0.30715470973069103,38778,-35.6310920715332,-44.52175521850586,-4.938459096592851e-05,-2.5419032681384124e-05,3184.2576914202473,2.6107341603064147,0.0705113796813259,0.21844631433486938,0.2570997476577759,0.585834264755249,0.9579160213470459,0.6979517936706543,0.3262481987476349,0.3003818094730377,0.26121583580970764,0.22542038559913635,0.23262371122837067,0.22568555176258087,0.22422799468040466,92.28515625,5235.807093178354,1.095751404762268,2411.1677519691916,2708.0869238770147,3029.3654353125426,-202.99745178222656,-0.18722395598888397,0.0045351204462349415,83.17648315429688,-0.1563340276479721,-0.034405507147312164,1.8688489198684692,-0.05110648274421692,-0.03766189143061638,37.03703689575195,0.10668080300092697,-0.004739601630717516,-26.598270416259766,0.05058799684047699,-0.007622344885021448,28.927751541137695,-0.0981663316488266,-0.04222484678030014,-0.16531157493591309,-0.09839832782745361,0.0008171350928023458,-0.7635571956634521,0.012553397566080093,0.03249768540263176,19.4815731048584,0.027402862906455994,-0.0021918832790106535,-19.1428165435791,0.010388522408902645,0.01612006686627865,5.369468688964844,0.0704728290438652,-0.029283735901117325,2.547586441040039,0.10174907743930817,-0.025899875909090042,-15.930023193359375,0.03355046361684799,-0.0051026297733187675,18.207271575927734,-0.009027816355228424,-0.013917449861764908,-12.647627830505371,-0.038212865591049194,-0.002042973879724741,4.8370041847229,0.008034788072109222,0.007947562262415886,6.339587688446045,0.013458671979606152,-0.010831303894519806,-7.045469284057617,0.03195074945688248,-0.002645068569108844,7.4648118019104,-0.0075828079134225845,0.015499544329941273,-0.5936011075973511,0.009786264970898628,-0.01604648120701313
data/train_audio/fiscro/XC320736.mp3,0.33038219812699254,159374,-57.79216003417969,-58.7251091003418,-9.977217274581562e-08,-1.4820808473814395e-06,3888.4470728540555,2.4979915276939137,1.0631152573938856,0.2687065601348877,0.29152336716651917,0.392787367105484,0.5022521615028381,0.4949045181274414,0.5429796576499939,0.4833310842514038,0.4272279441356659,0.3771113157272339,0.31527647376060486,0.2718488574028015,0.2674194276332855,151.99908088235293,6251.207860446001,1.2525981664657593,2217.443232067048,2561.516520085785,2857.8769370004907,-205.0412139892578,-0.3071010410785675,-0.21568579971790314,24.903329849243164,-0.025984089821577072,-0.003200680948793888,-28.341901779174805,0.06090902164578438,0.01510288380086422,48.56587600708008,-0.06425445526838303,-0.0426752045750618,-17.46150016784668,-0.032043926417827606,0.023126009851694107,20.076114654541016,0.03573077917098999,-0.0035223134327679873,-8.30349349975586,0.0001282048469875008,0.00028230229509063065,21.855422973632812,-0.06190621107816696,-0.003780722850933671,-10.224010467529297,0.0472751185297966,0.004888282157480717,10.44043254852295,-0.007955904118716717,0.0072303637862205505,7.519725799560547,-0.026180144399404526,-0.012028546072542667,5.64865255355835,0.020082110539078712,-0.00631876103579998,-3.8783955574035645,-0.009781886823475361,0.006393845658749342,8.312655448913574,-0.01752660609781742,-0.008868538774549961,6.161674976348877,0.007111321669071913,-0.00882167648524046,1.0010815858840942,0.0033817579969763756,-0.008370311930775642,-0.31120413541793823,-0.013964731246232986,0.003252573311328888,4.607736110687256,-0.015440056100487709,-0.007298741489648819,-0.29767677187919617,0.01904706284403801,-0.016613364219665527,2.651179075241089,0.0006413763621822,0.008465562015771866
data/train_audio/fiscro/XC323993.mp3,0.20685942335322724,119936,-79.84049987792969,-79.91512298583984,-8.352670777256321e-10,-2.658364564922522e-06,3358.440024596263,0.9001780896408733,0.4428756720157602,0.37266889214515686,0.3551446795463562,0.40730077028274536,0.46793878078460693,0.5291295051574707,0.6186798810958862,0.6563628911972046,0.6271860599517822,0.6114588379859924,0.5837832093238831,0.5080298781394958,0.432982474565506,86.1328125,6344.174752880471,1.0096073150634766,2579.4796458601822,3033.7710546815006,3437.009064496895,-341.8822021484375,-0.044798292219638824,-0.2562657296657562,-35.83196258544922,-0.016165191307663918,0.0394538938999176,-120.76168823242188,0.023324405774474144,0.07154258340597153,-76.80096435546875,0.013687795028090477,0.04201631247997284,-76.48616790771484,0.008179615251719952,0.04585782438516617,-39.5111083984375,-0.003884063335135579,0.027574587613344193,-8.974823951721191,-0.0017655056435614824,0.005333447828888893,3.8939716815948486,0.0019301145803183317,1.3783376743958797e-05,16.799644470214844,0.0024825423024594784,-0.010462473146617413,31.59453010559082,0.0032029948197305202,-0.0197727233171463,16.254009246826172,2.2269265173235908e-05,-0.007374221924692392,21.979530334472656,-0.011757099069654942,-0.01580493524670601,2.7911806106567383,0.001781337196007371,-0.00233869138173759,4.890869140625,0.0017527741147205234,-0.005125001538544893,-7.619138717651367,0.0027535350527614355,0.0032718114089220762,-6.873194694519043,0.005683388095349073,-0.003206967143341899,-12.89479923248291,-0.00621815724298358,0.008556670509278774,-6.757689476013184,-0.004904385656118393,0.0010311389341950417,-10.696500778198242,0.0006286703865043819,0.009472141973674297,1.6032644510269165,-0.006766211707144976,0.004256892949342728
data/train_audio/fiscro/XC324811.mp3,0.17103160511363635,166832,-67.99273681640625,-79.99812316894531,-2.709269324441266e-07,-6.450455111917108e-05,2412.37362579603,-0.056378902487027344,-0.02952308242346016,0.366985559463501,0.3282642066478729,0.3588070869445801,0.4396194517612457,0.4468183219432831,0.485299676656723,0.5983109474182129,0.6264866590499878,0.613677442073822,0.546178936958313,0.5357750058174133,0.47715482115745544,112.34714673913044,4630.074314712789,1.2568899393081665,2119.679204652035,2602.786956025628,3061.010872005435,-153.77957153320312,-0.019767068326473236,-0.05531909316778183,101.22721862792969,0.00011458725202828646,-0.021575260907411575,-41.727516174316406,0.009496183134615421,0.011034089140594006,11.99694538116455,-0.00814051739871502,-0.008234048262238503,-16.15103530883789,-0.005414496175944805,-0.00028737218235619366,12.550616264343262,0.007246492430567741,0.004803238902240992,-6.777499675750732,0.0036522499285638332,-0.0015586899826303124,-1.3429310321807861,0.0015923584578558803,0.0015006292378529906,-13.268147468566895,0.004099324345588684,-0.0018694939790293574,10.512269020080566,-0.004222402814775705,-0.0010758187854662538,-10.672142028808594,-0.002529606455937028,0.00396733358502388,-2.6254751682281494,-0.0027702590450644493,-0.0013398871524259448,-9.61939525604248,-0.0009282107348553836,0.0009014498791657388,3.756542444229126,-0.002703519770875573,-0.0008632729295641184,-7.461702346801758,0.002003875095397234,0.0019965858664363623,2.652371883392334,0.0006982620107010007,-0.0012942529283463955,-7.271925926208496,-0.0024667931720614433,-0.0009060599841177464,-1.728577733039856,-0.0008090549963526428,-0.003229510271921754,-4.112210750579834,0.0017848273273557425,0.0008377537596970797,-3.6265664100646973,0.003375397762283683,0.0008648307411931455
data/train_audio/fiscro/XC325919.mp3,0.13603976663090128,32530,-79.81246948242188,-79.91773223876953,3.316229069127985e-08,4.220435201318651e-08,2322.94961908206,-1.3251289660149912,0.03731285223765282,0.4483696222305298,0.5445548295974731,0.4904775023460388,0.40930214524269104,0.5285818576812744,0.5871833562850952,0.5007380247116089,0.49235621094703674,0.543987512588501,0.462063193321228,0.46178361773490906,0.4188694655895233,151.99908088235293,4110.06928145118,1.0674184560775757,2081.9385262504125,2676.5407909563487,3223.92454069377,-330.5870361328125,0.28906726837158203,-0.14804844558238983,55.347076416015625,0.1283455640077591,0.027833634987473488,-87.85839080810547,0.017139075323939323,0.09678968787193298,-46.63174819946289,0.03432780131697655,0.0784938633441925,-54.4377555847168,0.06494849175214767,0.07713614404201508,-35.79368591308594,0.02532445266842842,0.059812113642692566,-44.32297134399414,0.0023997598327696323,0.06007372587919235,-33.87312316894531,0.012960728257894516,0.043403491377830505,-28.754371643066406,0.04892418906092644,0.04497705399990082,-7.44376802444458,0.006082301493734121,0.02990361675620079,-10.372507095336914,-0.01721661165356636,0.02381281927227974,-1.03800630569458,0.02385103516280651,0.021149182692170143,3.9581289291381836,-0.006804495118558407,0.007901856675744057,9.60161304473877,0.0062324232421815395,-0.004473385401070118,3.851994037628174,0.007659122347831726,0.001760425977408886,13.882837295532227,-0.011232761666178703,-0.0019815685227513313,7.039868354797363,-0.0037752327043563128,-0.011937317438423634,11.87913703918457,0.009546944871544838,-0.01919068582355976,5.28406286239624,0.010659397579729557,-0.0049271653406322,8.187447547912598,-0.012674370780587196,-0.009072150103747845
data/train_audio/fiscro/XC325920.mp3,0.12010932214481314,95548,-79.90184783935547,-79.96619415283203,8.140105478560145e-09,-3.950464133595233e-07,2264.1888686639695,-0.532047869013599,-0.11056027771011645,0.5834545493125916,0.570513129234314,0.5556056499481201,0.42909783124923706,0.4974692165851593,0.5470744967460632,0.5394933223724365,0.5765485167503357,0.6622904539108276,0.749510645866394,0.7028588652610779,0.5396803021430969,135.99917763157896,4158.377861730831,0.8234927654266357,2202.769101766435,2854.388914775989,3437.2473960503553,-385.5021057128906,0.09248548001050949,-0.02485351450741291,55.287845611572266,0.06156957149505615,0.011722398921847343,-89.79676055908203,0.05302133411169052,0.01629958488047123,-59.88019561767578,0.050875093787908554,0.012287219986319542,-51.87381362915039,0.040175918489694595,0.011877006851136684,-40.40678787231445,0.035197723656892776,0.009936138056218624,-41.81084442138672,0.02340560592710972,0.005716145038604736,-25.648422241210938,0.02149759791791439,0.0021783479023724794,-17.50541114807129,0.01243995875120163,0.004828658886253834,-3.0855448246002197,0.006394055671989918,0.005150636658072472,-3.3030545711517334,-4.230685590300709e-05,0.0010317944688722491,6.636893272399902,-0.0029753625858575106,-0.002086510881781578,6.255412578582764,-0.013687433674931526,-0.002424575388431549,15.370964050292969,-0.010751237161457539,-0.0016524570528417826,10.667369842529297,-0.003901924006640911,-0.004255066625773907,15.18124008178711,-0.009920409880578518,-0.004060413222759962,9.643488883972168,-0.008614596910774708,0.0007826040964573622,10.816816329956055,-0.00415536854416132,-0.0030046594329178333,2.9014811515808105,-0.0001590181200299412,0.0004725130565930158,5.691278457641602,0.005212112795561552,-0.0002652580151334405
data/train_audio/fiscro/XC335248.mp3,0.11450040056140699,73814,-79.54118347167969,-80.0,1.071460253854184e-08,4.3186250309190655e-07,2383.472387190818,0.9614412576490812,0.4201683795805472,0.4970671236515045,0.45183447003364563,0.5048749446868896,0.5823364853858948,0.544992983341217,0.5075150728225708,0.4970957934856415,0.48212164640426636,0.5236554145812988,0.6184026598930359,0.605518639087677,0.5638848543167114,129.19921875,5282.823911342409,1.1900371313095093,2520.2290851901735,3061.1086647100096,3557.9007997894623,-384.8232727050781,-0.15123887360095978,0.00638036010786891,95.1513671875,-0.11603637039661407,-0.029874544590711594,-1.9632023572921753,-0.014930138364434242,-0.009308813139796257,-5.466589450836182,0.005670780781656504,-0.002561994129791856,-10.183161735534668,0.013457592576742172,0.009030587039887905,19.81465721130371,0.016351426020264626,0.003739885753020644,-9.72789478302002,-0.01663847453892231,0.0019566905684769154,-7.233021259307861,0.0022627711296081543,0.00491880951449275,0.7100568413734436,0.012713068164885044,0.0005851201131008565,3.9788451194763184,0.00020835055329371244,-0.006896674633026123,-7.068958759307861,0.001186335226520896,-0.009739266708493233,0.15381082892417908,-0.0010632979683578014,-0.0013701885472983122,-7.737570285797119,0.00020760686311405152,0.0040461216121912,0.8808850049972534,0.0053000254556536674,0.0006509028025902808,-9.022271156311035,0.0008313943981193006,-0.00031853120890446007,-4.224007606506348,-0.004759023431688547,-0.0005518419784493744,-6.589622497558594,0.00315053085796535,0.0020137811079621315,-5.406358242034912,0.00129378167912364,0.001179647515527904,-2.8162453174591064,-0.0017828081035986543,-0.001257074880413711,-3.358729124069214,-0.0026443139649927616,-0.0011589735513553023
data/train_audio/fiscro/XC345277.mp3,0.35667716132269967,210574,-74.42328643798828,-79.99617767333984,1.5992308988188597e-07,1.2482295460358728e-05,4271.844991286012,-0.04116094644182833,-0.013015206118237858,0.7202717661857605,0.6184906363487244,0.5945881605148315,0.5836246013641357,0.5839993953704834,0.6376498937606812,0.7322295308113098,0.6929015517234802,0.6348998546600342,0.6296807527542114,0.6445924639701843,0.6091251373291016,129.19921875,8180.645179748535,1.0454527139663696,3073.8271964076725,3330.6293690963553,3537.113374278038,-303.5154113769531,-0.014371421188116074,-0.028637541458010674,38.07666778564453,-0.005080577451735735,-0.016581399366259575,-6.135068893432617,0.012175533920526505,-0.0028212754987180233,-3.2205543518066406,0.002744734287261963,0.0044021643698215485,-2.6917810440063477,-0.006995034869760275,0.000538184423930943,6.939760208129883,-0.001997218932956457,-0.00019583581888582557,-5.877635478973389,0.002445957623422146,0.004152883309870958,3.9711124897003174,-0.003219642210751772,0.0012181492056697607,-9.496088981628418,0.0030515165999531746,0.007555085700005293,7.0901923179626465,0.0029245461337268353,0.0012955170823261142,-6.838281154632568,0.005248070694506168,0.0046564615331590176,3.9286091327667236,0.003467992879450321,-0.00139285484328866,-7.958701133728027,-0.0017051887698471546,-0.0017551588825881481,6.523256778717041,-0.009809783659875393,-0.005253163632005453,-8.489408493041992,-0.00607315544039011,0.0014992674114182591,5.961030960083008,-0.0013529645511880517,0.0011689797975122929,-5.923434734344482,0.0014051704201847315,0.0002864458365365863,4.9397711753845215,-0.0013365601189434528,-0.0010484353406354785,-3.82366943359375,-0.001925110351294279,0.0026988093741238117,0.9769638776779175,-0.006631928030401468,0.002015093108639121
data/train_audio/fiscro/XC345278.mp3,0.40239495254346647,758860,-75.79188537597656,-79.99972534179688,9.333645039077965e-07,1.7814154489315115e-05,4512.908338771201,-0.14995882629224336,0.00045156806499365435,0.7084017992019653,0.6358824372291565,0.44472986459732056,0.41951000690460205,0.41855722665786743,0.4173133373260498,0.4984455108642578,0.6216450333595276,0.5636889338493347,0.5021265149116516,0.5112923979759216,0.5120489001274109,103.359375,8160.215285471424,1.1788403987884521,3018.08917464704,3260.6350350741195,3451.345414264961,-341.7209167480469,8.480421092826873e-05,-0.006032194942235947,28.988340377807617,-0.002839623484760523,-0.004253626335412264,-2.2797117233276367,-0.003617874113842845,-0.0016257136594504118,-1.71320378780365,0.001064902637153864,0.0015015089884400368,-1.0758798122406006,-0.000554024416487664,-0.0004911687574349344,11.136650085449219,-0.0007345686317421496,0.00036264004302211106,-11.142443656921387,0.0007732206722721457,0.0006772452616132796,4.913519859313965,0.0008307731477543712,-0.0008278157911263406,-11.56680679321289,-0.0009151717531494796,0.001964526018127799,5.221616744995117,-0.0006584876100532711,0.0004876488237641752,-9.716256141662598,4.6783410653006285e-05,0.001579120522364974,1.1889389753341675,-0.0008765497477725148,0.0010058445623144507,-8.33509635925293,0.00021738930081482977,5.510254413820803e-05,4.659893989562988,-0.0006458598072640598,0.00019154073379468173,-10.847853660583496,-0.0014151870273053646,0.0010272071231156588,4.5622100830078125,-0.001596196903847158,-3.878534698742442e-05,-9.069830894470215,-0.001073877909220755,0.0020368448458611965,5.928620338439941,-0.002499903552234173,-0.00024513888638466597,-3.9166932106018066,0.000431628170190379,0.0012194619048386812,2.3119945526123047,-0.0006665925611741841,0.00011267790978308767
data/train_audio/fiscro/XC345292.mp3,0.14050097134024064,134620,-65.78826141357422,-68.91594696044922,-2.6335894744988764e-06,-1.127914288190368e-06,2371.164461128073,0.6522731528949752,0.04324259356462522,0.6104171872138977,0.5771212577819824,0.6094455122947693,0.6420713663101196,0.6668343544006348,0.7224161624908447,0.7225587368011475,0.7013033032417297,0.6781131625175476,0.6787879467010498,0.6622106432914734,0.6578624248504639,107.666015625,4471.571142839238,0.9587571024894714,2258.923603208552,2844.734958126889,3381.8139025554465,-152.74600219726562,-0.018199320882558823,-0.002211514161899686,88.24342346191406,-0.023451881483197212,0.0007380418246611953,-43.00434494018555,-0.023840436711907387,0.00040482135955244303,8.378284454345703,-0.00701877661049366,-0.002352883806452155,2.7209737300872803,-0.008848041296005249,-0.0035237909760326147,15.904949188232422,-0.0016994827892631292,-0.0017106899758800864,10.546016693115234,-0.0005226724315434694,-0.001284334110096097,11.681951522827148,-0.0017976212548092008,0.0008253220003098249,7.392303943634033,-0.00029809921397827566,-0.0008720991900190711,12.732110977172852,0.002448050770908594,-0.0029225535690784454,2.4128284454345703,-0.001185805769637227,-0.0006691485177725554,5.731597423553467,0.0009231495787389576,-1.2631721801881213e-06,-0.1670442521572113,-0.00013252477219793946,-0.0007644970901310444,2.296830654144287,-0.002623732900246978,0.001178530976176262,-2.0006766319274902,-0.000771338411141187,-0.0007237032405100763,4.250149726867676,-0.0031889951787889004,-0.0023602298460900784,-7.399318695068359,-0.00016362883616238832,0.002494492568075657,6.531320095062256,-0.00047769330558367074,-0.0010842974297702312,-3.6959450244903564,-0.0013076496543362737,0.0013055427698418498,3.7568249702453613,-0.0011907529551535845,0.0010971113806590438
data/train_audio/fiscro/XC345346.mp3,0.3562889541572113,362036,-79.95328521728516,-80.0,1.829729967539606e-08,-1.5007406872769025e-08,4628.703771661368,0.2665080366216387,-0.19308161684294992,0.7773082852363586,0.7046380639076233,0.6568288803100586,0.8189603686332703,0.7581349611282349,0.7046365141868591,0.6837801933288574,0.587803065776825,0.7580359578132629,0.7011924982070923,0.6151497960090637,0.6856874823570251,99.38401442307692,7926.879181046709,0.8310791254043579,2600.2953460350195,2903.355775765377,3156.6440981320925,-319.4729919433594,-0.006163481157273054,0.013169100508093834,-113.70885467529297,-0.017352759838104248,0.03203239664435387,-128.7483673095703,-0.0013229689793661237,0.022081157192587852,-51.70144271850586,-0.00279759569093585,0.0200213473290205,-34.2008056640625,0.0018278156640008092,0.014949101023375988,-9.804293632507324,0.0015734798507764935,0.009528658352792263,-8.856363296508789,0.0014295927248895168,0.0032895251642912626,4.937833786010742,-0.007455694954842329,0.00620746286585927,-2.4432213306427,-0.0008018191438168287,-0.0033987490460276604,6.892380714416504,0.0011980020208284259,0.0002506776072550565,-0.7883140444755554,0.004348830319941044,-0.0012839087285101414,7.629359245300293,-0.0014240531018003821,-0.004062505438923836,-1.4712032079696655,0.00023862969828769565,-0.0006189546547830105,4.493471145629883,-0.0013458355097100139,0.000911222246941179,-0.5149207711219788,0.002644616411998868,-0.0017896571662276983,5.363702774047852,0.00014471274334937334,-0.001617391943000257,-0.8108974695205688,0.004131081979721785,-0.00017567457689438015,4.284791946411133,0.004114761482924223,-0.0002779631468001753,-4.165974140167236,-0.0030311718583106995,-0.0010161217069253325,0.9315304160118103,-0.00591089716181159,0.0008805859251879156
data/train_audio/fiscro/XC364586.mp3,0.017658561122389792,11702,-18.926424026489258,-28.61175537109375,-0.00037209040601737797,6.707265129080042e-05,935.4467443393753,0.68817334466663,-0.3305692449236411,0.6722840070724487,0.688971996307373,0.7229431867599487,0.7581110000610352,0.7837416529655457,0.7977429032325745,0.7919168472290039,0.7548026442527771,0.6844854354858398,0.6457011699676514,0.6281815767288208,0.629711389541626,143.5546875,2175.4946821526974,1.2762969732284546,1732.3126337664314,2430.902585918027,3064.3029759207393,-344.70489501953125,0.03759992867708206,-0.04426055774092674,119.44422149658203,-0.024549495428800583,0.014522760175168514,21.48154640197754,0.0027689775452017784,0.00979373324662447,6.483678817749023,-0.006488061975687742,0.017952969297766685,3.3458614349365234,0.01586894877254963,0.0020565250888466835,43.280433654785156,0.007896432653069496,-0.018815184012055397,13.202543258666992,-0.013099094852805138,0.006274462211877108,15.610528945922852,-0.0039128502830863,0.0037715507205575705,14.86052417755127,0.008077654056251049,-0.0037868139334023,13.209771156311035,0.004640638828277588,-0.00030791619792580605,16.931034088134766,-0.008654291741549969,0.0028010972309857607,8.0831880569458,-0.0012278571957722306,-0.000399719545384869,5.065364360809326,0.010840456932783127,4.88053701701574e-05,8.324102401733398,-0.004187420941889286,-0.002034957055002451,5.958439826965332,-0.008486004546284676,0.005287778563797474,6.596966743469238,0.0007665561279281974,0.0019783079624176025,5.806857109069824,0.001873356057330966,-0.002813952974975109,0.9615026116371155,0.0029729451052844524,-0.0005504503496922553,4.3527116775512695,-0.014049932360649109,0.005680834874510765,6.887859344482422,-0.0014695884892717004,-0.006600800435990095
data/train_audio/fiscro/XC366559.mp3,0.06292308048961424,10889,-37.418033599853516,-56.60768127441406,-8.313540456583723e-05,-0.000820010609459132,1295.0933763408796,-1.0891560600926984,0.2858696823598628,0.5632126331329346,0.5489562749862671,0.5722483992576599,0.5799834728240967,0.5739444494247437,0.6316651701927185,0.6073235273361206,0.5840776562690735,0.5910997986793518,0.6065734624862671,0.5904586911201477,0.5795159935951233,83.35433467741936,2752.096711563427,1.4363813400268555,1751.908835073265,2381.655375747922,3000.7921909587176,-359.3959045410156,1.0590733289718628,-0.09472662210464478,127.4429931640625,0.3935595452785492,-0.26326984167099,15.237249374389648,0.12261410802602768,-0.027160627767443657,61.155879974365234,0.054877884685993195,0.03866218775510788,25.033723831176758,-0.00947736669331789,0.038196370005607605,13.25310230255127,-0.021489514037966728,0.07462849467992783,22.099084854125977,3.195516546838917e-05,0.013767477124929428,5.454735279083252,-0.004983679857105017,-0.03251669928431511,-1.4300928115844727,-0.01870916597545147,-0.031009024009108543,10.219473838806152,-0.0140804722905159,0.011239702813327312,8.461413383483887,-0.033482037484645844,0.007058060262352228,-2.9791126251220703,-0.027568750083446503,-0.03201676160097122,-2.621181011199951,0.010966790840029716,-0.02164781279861927,4.384602069854736,0.002588185714557767,0.010292546823620796,-4.021955966949463,-0.027181778103113174,0.00610513286665082,-0.23417603969573975,0.013283328153192997,-0.0031856095883995295,-1.2506093978881836,-0.00802184734493494,0.011506372131407261,-0.02370310202240944,0.021559938788414,0.028713170439004898,-6.187656402587891,0.0025972400326281786,0.011277882382273674,-0.7556138634681702,0.006789878010749817,-0.00960235483944416
data/train_audio/fiscro/XC370007.mp3,0.13150233969272937,116820,-71.32904052734375,-78.5634536743164,-7.400783541555711e-09,-7.3403889473411255e-06,2336.619968535576,-0.11259304299129227,0.4666727772580882,0.4639323353767395,0.4802284836769104,0.5066564679145813,0.5917456150054932,0.5788997411727905,0.585246205329895,0.6240981221199036,0.540377676486969,0.42937731742858887,0.41969168186187744,0.44129928946495056,0.477143257856369,103.359375,4711.764295680359,1.1779413223266602,2365.5709059823666,2943.6263059881335,3465.8413973433935,-178.74600219726562,-0.01992402970790863,-0.1408095359802246,99.55707550048828,0.0201367549598217,-0.013569407165050507,-23.0965576171875,0.013731573708355427,0.017003199085593224,2.319902181625366,0.02703823149204254,0.002318483078852296,-4.49786901473999,0.0016553469467908144,0.0005633810651488602,9.063657760620117,-0.02702152542769909,-0.005293016321957111,0.4944179356098175,0.0033206345979124308,0.00043505433131940663,5.953813552856445,0.013182819820940495,0.0013577138306573033,-11.691581726074219,0.005753489211201668,0.006365325301885605,6.183708667755127,-0.0021012250799685717,0.0005669761449098587,-3.9660701751708984,0.0032132130581885576,0.0014709149254485965,1.300682544708252,0.006595797371119261,0.0012754038907587528,-2.6307010650634766,0.006111443508416414,0.0015832416247576475,-1.6223175525665283,0.0029606239404529333,0.001618660637177527,-2.725051164627075,0.005901025142520666,-0.0036001463886350393,2.3167505264282227,0.0009496433776803315,-0.0011205642949789762,-6.003880500793457,-0.00692279078066349,0.001180367893539369,4.531708240509033,0.004274609033018351,0.0003102469490841031,-6.79604434967041,0.004088357090950012,0.00447938172146678,2.5148582458496094,-0.005413291975855827,-0.0046918983571231365
data/train_audio/fiscro/XC371270.mp3,0.20034263873922414,571510,-79.5976791381836,-79.98950958251953,-5.9151363807075086e-09,-9.691563462865815e-08,3055.794771255878,0.027298694917868845,0.02791771452410535,0.37268295884132385,0.35776638984680176,0.3693455755710602,0.40995725989341736,0.513209879398346,0.5915018320083618,0.542325496673584,0.43872755765914917,0.36484336853027344,0.3486652672290802,0.3478529155254364,0.36786240339279175,143.5546875,5796.194536932583,1.2276042699813843,2315.247549876717,2641.901818403088,2972.5449876172515,-263.425048828125,0.005838819779455662,-0.00160640524700284,53.46138000488281,-0.003192611038684845,-0.0011190626537427306,-42.36045837402344,-0.0047286273911595345,0.0011571882059797645,-4.268868446350098,-9.891904483083636e-05,0.0008536275709047914,-21.333938598632812,0.0003532065893523395,-0.0006604715017601848,48.451026916503906,0.00022490134870167822,-0.0007650817860849202,-16.76873779296875,-0.002888097893446684,-0.0006436988478526473,-8.852202415466309,-0.0004074840690009296,0.0014088083989918232,-7.600386142730713,0.00161165080498904,0.0008581206784583628,-7.153527736663818,-0.001416085404343903,-0.0013115956680849195,-1.9428097009658813,-0.0023467466235160828,0.0007215955993160605,0.76202392578125,0.0004508275305852294,0.0013926419196650386,-2.888287305831909,0.0011381440563127398,-3.770293460547691e-06,-2.042217969894409,-0.0007821889012120664,0.0005720117478631437,-3.578822374343872,-0.0015687007689848542,0.0006715512135997415,2.134469509124756,-0.0005123762530274689,0.0014599475543946028,-10.389546394348145,0.0004891800926998258,0.0011738990433514118,-3.2806038856506348,0.0014408365823328495,-0.0001327896461589262,-6.189274787902832,-5.39945722266566e-05,0.0007185881258919835,-4.264853477478027,-0.0010331157827749848,0.0012230898719280958
data/train_audio/fiscro/XC381544.mp3,0.18646772075985477,46180,-63.52598190307617,-66.33322143554688,2.3376683699893874e-08,-2.8457751000132703e-07,2701.637505904419,2.123247943120901,1.0920229823056078,0.47359564900398254,0.4031570255756378,0.4531994163990021,0.562282919883728,0.5991945266723633,0.6168376207351685,0.5415934324264526,0.42630621790885925,0.4445633590221405,0.39438554644584656,0.43193870782852173,0.4611760973930359,143.5546875,5231.607853426478,1.2797044515609741,2406.9890057003336,2857.935349788453,3282.0770631123382,-153.5601348876953,-0.11586429178714752,-0.21908850967884064,86.27510833740234,-0.06378132849931717,-0.06422987580299377,-9.203361511230469,0.02172284759581089,0.03148866072297096,27.139911651611328,-0.023123541846871376,-0.008100227452814579,-4.3403167724609375,-0.023499205708503723,-0.014276525937020779,22.485103607177734,0.00959718693047762,-0.0020105522125959396,-5.025802135467529,-0.030635708943009377,0.0008753562578931451,7.017335891723633,-0.001576920272782445,-0.008238792419433594,-2.39697265625,0.023466940969228745,0.00513839814811945,2.4234859943389893,-0.002969011664390564,-0.007048057392239571,0.2487156093120575,0.01573214866220951,0.004032681230455637,0.29346153140068054,0.0032802755013108253,-0.02028585597872734,-4.88914680480957,0.0030778241343796253,-0.0005255007999949157,-0.6174095869064331,-0.006728996988385916,0.002007630653679371,-5.69605827331543,-0.006165660917758942,-0.009169335477054119,1.5102338790893555,-0.008145587518811226,0.007461507339030504,-7.977869987487793,-0.0077801174484193325,0.004570509772747755,-1.3546944856643677,0.014067163690924644,-0.00026105361757799983,-2.511814594268799,-0.009654379449784756,0.01002999022603035,0.05012163892388344,-0.027490533888339996,0.007108050864189863
data/train_audio/fiscro/XC381874.mp3,0.21263867881327708,122720,-79.98115539550781,-80.0,4.3986197795220505e-08,3.6313934081988464e-09,2861.490254030806,-0.6204034449433717,0.005545969206533385,0.4527588486671448,0.412092924118042,0.4162394404411316,0.49404674768447876,0.48936644196510315,0.49403178691864014,0.5713978409767151,0.6459759473800659,0.727986216545105,0.6531395316123962,0.619875431060791,0.5647370219230652,75.99954044117646,4782.331265437667,1.0426387786865234,2101.8462984361513,2564.101868666485,3018.600060943868,-249.93502807617188,-0.03950909897685051,-0.002986520528793335,48.12765884399414,0.040952395647764206,0.0027570808306336403,-72.97872924804688,0.005984009709209204,0.008315998129546642,-11.787762641906738,-0.002244810340926051,-0.00028329293127171695,-47.42302703857422,0.011856604367494583,0.0016702887369319797,-5.6768083572387695,-0.008674408309161663,-0.001153116929344833,-4.270505905151367,-0.0008884010021574795,0.0022012442350387573,-22.3171443939209,-0.002631653333082795,0.00026279359008185565,-16.74138641357422,0.00995505042374134,-0.001482420484535396,0.6691944599151611,0.0056696380488574505,-0.0018144585192203522,-13.691990852355957,0.003480744082480669,0.0005265969666652381,-8.426997184753418,0.0017006299458444118,0.00044930350850336254,-12.695966720581055,-0.0018819981487467885,0.004970621783286333,-8.48302936553955,-0.0011380468495190144,0.0024044245947152376,-10.254026412963867,0.0003054281696677208,0.005404507741332054,-3.002656936645508,-0.0009841525461524725,0.0024290767032653093,-10.762661933898926,0.010510370135307312,0.0008288450189866126,-5.130664348602295,0.0009363857680000365,0.0028656746726483107,-2.7368197441101074,0.0061196922324597836,0.004742301534861326,-2.6021223068237305,0.0035077298525720835,0.00442809471860528
data/train_audio/fiscro/XC389956.mp3,0.2472842590547703,35944,-59.81938171386719,-49.757972717285156,3.7273818520588975e-07,-3.770632872601709e-07,3265.811570622013,9.761492613081515,3.911841042585578,0.6319329738616943,0.5800728797912598,0.5099102258682251,0.4723875820636749,0.46344760060310364,0.389382541179657,0.3854990303516388,0.43720105290412903,0.48234090209007263,0.4663415849208832,0.4392348825931549,0.5151242613792419,123.046875,5981.360769103357,0.9632710814476013,2308.048315824615,2648.9167287226896,2945.6426831695953,-450.409912109375,-1.467162847518921,-0.10229477286338806,27.4596004486084,-0.19283585250377655,0.09674963355064392,-38.341064453125,0.2266208678483963,0.07394728809595108,-22.413434982299805,0.16844534873962402,0.06860566884279251,-35.923614501953125,0.016822952777147293,0.024769561365246773,3.201441526412964,-0.008161679841578007,0.019018908962607384,-5.177791595458984,0.06555444002151489,0.00919108185917139,2.1595747470855713,-0.0102265989407897,-0.006969531066715717,0.8581329584121704,0.0008588730124756694,0.011175735853612423,20.162038803100586,-0.012442328967154026,0.008365738205611706,6.644664287567139,-0.031204981729388237,-0.0073670996353030205,19.990589141845703,-0.06749440729618073,0.01977103389799595,17.327838897705078,-0.06867994368076324,-0.002624834654852748,12.662450790405273,-0.05113818496465683,-0.014431491494178772,13.142863273620605,-0.04931038245558739,-0.007101538125425577,12.884206771850586,-0.03552044928073883,-0.0020479473751038313,1.0362372398376465,0.034669045358896255,-0.011599848978221416,9.119606971740723,-0.005528584588319063,-0.013959605246782303,-2.131807565689087,0.02288500964641571,-0.007296365220099688,6.697248935699463,-0.05753412842750549,-0.007608512416481972
data/train_audio/fiscro/XC389957.mp3,0.18417271205357144,6726,-56.2392692565918,-65.70307159423828,-3.009476472470851e-07,-5.955554570391541e-06,2993.059068379863,-7.541036610430537,-2.645809490430477,0.33409348130226135,0.35535523295402527,0.36283183097839355,0.4289771616458893,0.5091906785964966,0.6512660980224609,0.6490366458892822,0.6727813482284546,0.6500638127326965,0.47737786173820496,0.41083812713623047,0.3576658070087433,107.666015625,6069.90234375,1.1154828071594238,2573.477107085361,3040.938805013074,3467.82956617206,-328.5749816894531,0.4974457919597626,-1.1334301233291626,60.49337387084961,0.23472891747951508,0.24182158708572388,-43.3753662109375,-0.5652903914451599,0.24989771842956543,-24.035755157470703,-0.395460844039917,0.32991108298301697,-23.182964324951172,-0.003331658197566867,0.18942300975322723,8.678698539733887,-0.2487478256225586,0.0935177281498909,-11.319250106811523,0.11994365602731705,0.09703882038593292,-4.560344696044922,-0.09518325328826904,0.06471917778253555,-6.143395900726318,-0.03857801482081413,0.15716904401779175,8.880158424377441,0.04504465311765671,-0.05205077305436134,1.6293666362762451,-0.03356607258319855,-0.04705605283379555,2.7661995887756348,0.11777142435312271,-0.032652247697114944,-4.400650501251221,-0.10519292205572128,0.021121948957443237,6.194314956665039,0.014781267382204533,0.003391052596271038,4.040744304656982,0.011555707082152367,-0.12868329882621765,10.110503196716309,-0.10226185619831085,-0.10951448976993561,0.3422764837741852,-0.1653004288673401,-0.22756725549697876,15.311205863952637,0.15148605406284332,-0.047632984817028046,1.2486413717269897,0.04379323124885559,0.05197440832853317,10.604856491088867,-0.05669937655329704,-0.03830311819911003
data/train_audio/fiscro/XC393849.mp3,0.10808213584577755,53790,-79.00518798828125,-80.0,-9.658904076559338e-08,-5.933966349402908e-07,1986.8735760520888,0.2599864939690163,0.05222486794903456,0.3582655191421509,0.5033195614814758,0.6120514869689941,0.6489022374153137,0.5025514960289001,0.39071816205978394,0.3625034689903259,0.4013146460056305,0.32656118273735046,0.29328808188438416,0.30726438760757446,0.3410950005054474,172.265625,3908.5646592993694,1.1444764137268066,2080.735503755798,2603.480925757809,3080.149933466922,-307.2518005371094,-0.01640721783041954,0.0013911888236179948,109.36915588378906,0.003351714462041855,-0.0008941379492171109,-1.2058615684509277,0.03851344808936119,0.008106391876935959,20.34020233154297,-0.03278517350554466,0.0068303789012134075,-18.368398666381836,-0.008386694826185703,-0.0028355096001178026,28.411983489990234,0.004007178358733654,0.004266232252120972,-12.017624855041504,-0.015235709957778454,0.001954953419044614,7.285034656524658,0.013422197662293911,6.35669130133465e-05,-11.305559158325195,0.011759580112993717,0.0036280076019465923,4.902648448944092,0.006099898833781481,0.007444022689014673,-4.715939998626709,-0.006149484775960445,0.008583326824009418,-5.84694766998291,-0.004698407836258411,0.0009793960489332676,-3.1873371601104736,-0.016265379264950752,-0.000873096811119467,-7.691562652587891,-0.01768151856958866,-0.009327180683612823,-4.602499961853027,-0.00891906674951315,-0.0015532851684838533,-5.093559265136719,-0.0011814325116574764,0.009838421829044819,-8.264551162719727,-0.0018213308649137616,0.00662075262516737,-9.211188316345215,0.013912664726376534,0.004712606314569712,-14.120509147644043,0.0016742179868742824,0.007755906321108341,-6.159515380859375,-0.011443548835814,0.005499260034412146
data/train_audio/fiscro/XC398409.mp3,0.18101671006944445,21771,-79.4424057006836,-80.0,3.3944252209039405e-07,-3.0478804546874017e-06,2779.761706218191,-2.0586606214849428,-1.9399569733957593,0.4697728753089905,0.5163856744766235,0.5171461701393127,0.5280330777168274,0.5329437255859375,0.5501320362091064,0.6310481429100037,0.6408012509346008,0.6515776515007019,0.5950605869293213,0.5163275003433228,0.4653995931148529,112.34714673913044,5225.850736177885,0.9860215187072754,2276.8555038197364,2778.8691184668232,3250.24617891055,-214.54583740234375,-0.06936629861593246,-0.02165849134325981,60.299468994140625,0.1127341166138649,0.08244956284761429,-60.97123718261719,0.03837697207927704,0.011013942770659924,-9.499144554138184,-0.006999879609793425,0.0026979283429682255,-19.469642639160156,0.040735676884651184,0.005403350573033094,4.591248035430908,0.03616988658905029,-0.019298439845442772,-16.49736785888672,-0.006352813448756933,-0.00677439384162426,-9.963324546813965,-0.019727319478988647,-0.0233171284198761,-14.560160636901855,-0.05402069911360741,-0.024240389466285706,-4.673715591430664,0.04322569817304611,-0.021498093381524086,-10.123576164245605,0.02231345698237419,-0.002121427096426487,-9.171597480773926,-0.01826457679271698,-0.01600782945752144,-12.303048133850098,0.003919196780771017,-0.021452108398079872,-4.545767784118652,-0.015361852943897247,-0.01659608818590641,-6.822669506072998,-0.03285897150635719,-0.0013958725612610579,-3.8653793334960938,-0.03089245781302452,-0.001287828665226698,-10.321306228637695,0.020352203398942947,0.012427967973053455,-5.0306010246276855,0.03680257126688957,-0.011520979925990105,-7.320817470550537,0.023078611120581627,0.009872501716017723,-4.838885307312012,-0.017095448449254036,0.007372525054961443
data/train_audio/fiscro/XC402852.mp3,0.11347632314644608,23795,-48.604217529296875,-58.22426986694336,-6.53350241464068e-07,-6.587795360246673e-05,2576.3318932298293,6.285270886560691,2.0541819630555223,0.5567840337753296,0.5007519721984863,0.5069592595100403,0.48644548654556274,0.4562056362628937,0.5131084322929382,0.5589055418968201,0.6252449154853821,0.5781610608100891,0.5378925204277039,0.5823962092399597,0.6152000427246094,129.19921875,6251.120533662684,0.9782707095146179,2884.3643839638835,3434.213697981418,3911.0372690495137,-265.8926696777344,-0.5298676490783691,-0.4498414099216461,96.52678680419922,-0.25092554092407227,-0.06337827444076538,6.147920608520508,-0.008068795315921307,-0.0031550468411296606,2.316538095474243,0.019722165539860725,-0.012853219173848629,9.500726699829102,0.01177580002695322,-0.015898656100034714,3.2470247745513916,-0.012189236469566822,-0.008785276673734188,0.42621153593063354,-0.002608379814773798,0.005772446282207966,7.847187042236328,0.011400194838643074,-0.003522561164572835,4.212608337402344,0.004138565622270107,-0.008832921274006367,5.587792873382568,-0.015131041407585144,-0.014204639941453934,-1.6327041387557983,-0.002771304454654455,0.0021486282348632812,6.902878761291504,0.004326539114117622,-0.00773970503360033,-5.007876396179199,-0.004381333943456411,0.023391451686620712,3.2333219051361084,0.01253050472587347,-0.017782872542738914,-6.714275360107422,0.009615148417651653,0.0029348921962082386,-0.15435446798801422,0.018385548144578934,0.005167695228010416,-8.709903717041016,-0.00550140580162406,0.011403406038880348,1.399227261543274,-0.0056191543117165565,0.0005674648564308882,-10.839550971984863,0.0011181411100551486,0.013449614867568016,-1.7735602855682373,0.005512251518666744,-0.0071807741187512875
data/train_audio/fiscro/XC404816.mp3,0.11002665354793233,75022,-79.1252212524414,-80.0,2.98874915927172e-08,4.6465899572467606e-07,1792.2276100510223,-0.19677957876515478,0.05414264057355764,0.44498106837272644,0.4287276566028595,0.3950304388999939,0.40037283301353455,0.4477888345718384,0.5144789814949036,0.5571315884590149,0.5806301236152649,0.5592155456542969,0.46059510111808777,0.4361810088157654,0.44413676857948303,73.828125,3174.9169921875,1.236810326576233,1546.6098723495236,2022.890011241892,2503.571780534421,-298.97998046875,0.015939123928546906,-0.09757683426141739,116.90415954589844,0.015185974538326263,-0.04363398626446724,-31.191123962402344,-0.005216477904468775,0.023771893233060837,20.042858123779297,5.954369498795131e-06,-0.0038165661972016096,-15.073234558105469,0.01503128930926323,0.006557978689670563,-12.40289306640625,0.0002644115884322673,0.006144355982542038,-17.60623550415039,-0.007308225613087416,0.0023296219296753407,-25.218332290649414,-0.008040819317102432,0.002230616519227624,-15.847030639648438,-0.013891265727579594,0.0007443472859449685,-16.170442581176758,-0.015567322261631489,0.0017968104220926762,-12.461736679077148,-0.007982750423252583,-0.004839713219553232,-9.650765419006348,-0.0008905500289984047,0.0013749392237514257,-12.647697448730469,-0.007866069674491882,0.0015604320215061307,-2.2434885501861572,-0.004836999345570803,-0.0009614467853680253,-3.82515025138855,-0.0015910485526546836,0.0022955576423555613,-6.162003040313721,-0.010257607325911522,-0.0024351251777261496,-6.372683525085449,-0.0061700777150690556,0.0010107984999194741,-4.773004055023193,-0.004793902859091759,0.004894640296697617,-4.234894275665283,-0.010541887022554874,4.05542814405635e-05,-2.4675981998443604,-0.004053635057061911,-0.00210002064704895
data/train_audio/fiscro/XC405513.mp3,0.1427480643737078,106152,-28.62605857849121,-64.48489379882812,0.0003342533309478313,0.0002112892980221659,2173.4356116942668,-1.0480645538242574,-0.09239371440871602,0.3711530566215515,0.41578209400177,0.4883307218551636,0.584847629070282,0.6340434551239014,0.6194788813591003,0.4979535639286041,0.4560697376728058,0.486836314201355,0.45909398794174194,0.4097459614276886,0.3814435601234436,107.666015625,4119.267625236906,0.9756806492805481,1817.827573093939,2275.9018023520025,2739.633932058943,-306.1022644042969,-0.184369757771492,-0.1726795732975006,107.25072479248047,-0.003421473316848278,-0.047020405530929565,-63.66939926147461,0.03794751316308975,0.02152109704911709,9.902982711791992,-0.0009834531228989363,0.001099883229471743,-25.716873168945312,0.027070745825767517,0.004076752346009016,32.40290451049805,-0.031206663697957993,-0.001775447279214859,-2.2445571422576904,0.005422668997198343,-0.0006979433819651604,-0.1398567408323288,-0.0002276816958328709,-0.004487268161028624,-0.07120198756456375,0.0021808696910738945,-0.001041649142280221,9.15041732788086,-0.011308550834655762,-0.0031829949002712965,2.867755889892578,-0.009360953234136105,0.0027533567044883966,0.5537995100021362,0.008757542818784714,-0.0038978522643446922,3.7734320163726807,0.0012680566869676113,0.0013424133649095893,1.1775999069213867,0.005322977900505066,-0.000245614442974329,-5.351792812347412,0.005291534587740898,0.004510439932346344,4.926187992095947,-0.014803067781031132,0.0010951822623610497,0.2443237453699112,-0.003825999330729246,0.001780215185135603,1.9696990251541138,-0.0005376751651056111,-0.0011946553131565452,-1.38225257396698,-0.0008671890245750546,0.0016504324739798903,2.265801429748535,-0.013592973351478577,0.0015765255084261298
data/train_audio/fiscro/XC432883.mp3,0.4446628464818763,107057,-79.4944076538086,-80.0,-9.645161469507002e-08,-1.0048628595882292e-08,4977.134750628568,-0.594173172177546,0.3756971182207453,0.47638824582099915,0.5654791593551636,0.7818580865859985,0.7718111276626587,0.5369704365730286,0.4779960513114929,0.5641195774078369,0.645395040512085,0.6765122413635254,0.6858371496200562,0.548308789730072,0.4391613006591797,123.046875,7452.600279850746,0.9939481019973755,2312.100105252657,2606.526078352272,2840.2452120634,-239.0939178466797,0.010386102832853794,0.0005025248392485082,-66.06752014160156,-0.006992958020418882,0.010107340291142464,-66.5102310180664,-0.03354927897453308,0.026590975001454353,-10.34129524230957,-0.009157276712357998,0.00495805824175477,-39.09336853027344,0.0013682522112503648,0.013162407092750072,4.086219310760498,0.0018414821242913604,0.018954863771796227,-24.38658905029297,-0.018379883840680122,0.011582540348172188,3.6237900257110596,-0.024998625740408897,0.009304620325565338,-14.863227844238281,0.007457932457327843,0.019813111051917076,-2.3191111087799072,0.005143299698829651,0.016160553321242332,-14.97554874420166,0.02568574622273445,-0.005448104348033667,-3.6403682231903076,-0.01589488424360752,0.010391874238848686,-16.165515899658203,-0.01798517443239689,0.008303558453917503,-5.677834987640381,-0.015340011566877365,0.006343673914670944,-12.927176475524902,-0.006191991735249758,-0.004356804303824902,-5.350414752960205,-0.016184939071536064,0.016710346564650536,-11.684362411499023,0.00477374205365777,0.00037314629298634827,-7.143992900848389,0.00552607886493206,0.007987910881638527,-13.195630073547363,-0.0195639468729496,0.009099720045924187,-0.41786834597587585,-0.0016972677549347281,-0.006326277274638414
data/train_audio/fiscro/XC438102.mp3,0.13718482938747137,214861,-75.73968505859375,-79.9957504272461,-1.61567626832948e-07,-1.1380386240489315e-05,2168.0751194505033,-0.5612095815751407,0.06307277618821461,0.5980430841445923,0.5218833088874817,0.4718973636627197,0.43706682324409485,0.4641721546649933,0.5254238247871399,0.5162073373794556,0.5556166172027588,0.5785645842552185,0.5706663727760315,0.586066722869873,0.5974485278129578,112.34714673913044,4117.719697811886,1.2056562900543213,2127.1255023129966,2693.509044078545,3227.9073054223873,-277.6475830078125,-0.0018487443448975682,-0.008025524206459522,96.77388000488281,4.098335193702951e-05,-0.005158678162842989,-23.81255531311035,0.005552229937165976,0.0016219926765188575,20.31300163269043,0.005404712166637182,-0.0013065241510048509,-9.601241111755371,0.0038173010107129812,-0.0019358533900231123,0.26744332909584045,0.0030189380049705505,0.0007571715977974236,-9.516161918640137,-0.0003094621642958373,-0.0005557741969823837,-4.8896355628967285,0.00014566260506398976,8.466581493848935e-05,-10.04386043548584,-0.0019166357815265656,0.0016560369404032826,-6.443156719207764,-0.003317054593935609,0.0026087018195539713,-12.502997398376465,-0.00322547135874629,0.0015890770591795444,-4.642483711242676,-0.006816379260271788,-0.0003951772814616561,-9.74228286743164,-0.00438873702660203,0.0020732376724481583,-3.1224465370178223,-0.0023425002582371235,0.0017528461758047342,-6.03858757019043,-0.002859189175069332,-7.928450941108167e-05,-2.8108363151550293,-0.0009829907212406397,0.0016280332347378135,-6.068203926086426,-0.0014376966282725334,0.0009129946702159941,-1.639386773109436,-0.001200081896968186,-0.0008127708570100367,-6.404573440551758,0.00044033050653524697,-0.00021542191097978503,-2.059600353240967,0.00048083451110869646,0.0008475927752442658
data/train_audio/fiscro/XC445788.mp3,0.11497807799533195,28424,-76.17839813232422,-80.0,1.2665964277402963e-07,6.177604632284783e-07,1897.8675393676222,0.19066163060861369,0.33155705325417373,0.4866904020309448,0.4721526503562927,0.4958808422088623,0.5237915515899658,0.5421298742294312,0.5842624306678772,0.6583003401756287,0.7156013250350952,0.707927405834198,0.6402633190155029,0.5742786526679993,0.5272675156593323,92.28515625,3438.5442836650673,1.0314435958862305,1851.6394974149125,2447.7634548796455,3013.7308193485574,-305.96636962890625,-0.0861678197979927,0.005426265764981508,124.92008972167969,-0.012631697580218315,-0.026310956105589867,-46.875892639160156,0.01469161082059145,0.020629992708563805,-2.878511667251587,0.019444173201918602,0.0011816693004220724,-13.114378929138184,-0.00986062828451395,0.01826486550271511,8.118864059448242,-0.024014007300138474,-0.007451364304870367,-14.753677368164062,-0.017687039449810982,0.02298114448785782,-1.6643143892288208,0.0009239897481165826,0.00960945151746273,-5.1766510009765625,0.014442309737205505,0.017179058864712715,-0.8055451512336731,0.003472634358331561,0.00573938712477684,-8.850842475891113,0.00636317627504468,0.007886316627264023,-3.3780694007873535,-0.011608794331550598,-0.00634745042771101,-15.448898315429688,-0.0013155739288777113,0.011954489164054394,-3.040635824203491,0.013717531226575375,0.005991004407405853,-6.537723064422607,0.007926343008875847,0.008478512987494469,-2.3479104042053223,0.027020001783967018,-0.001402180758304894,-5.347604751586914,0.00696101039648056,0.013216795399785042,-1.8777652978897095,0.01207116898149252,0.004742401652038097,-6.507073402404785,0.002708235289901495,0.0024612126871943474,-2.7723777294158936,-0.0026957206428050995,-0.0023010382428765297
data/train_audio/fiscro/XC445789.mp3,0.11944697131849315,22361,-74.62663269042969,-80.0,-5.92954378930699e-08,1.3065283610558254e-06,2065.9911039320677,0.40402736288905394,-0.11510521465667242,0.538260281085968,0.5846407413482666,0.5402764081954956,0.5564766526222229,0.5912631750106812,0.6006140112876892,0.6470317840576172,0.6116365790367126,0.6051689386367798,0.6280170679092407,0.6279163360595703,0.5911213755607605,89.10290948275862,3946.3576894263697,1.0734416246414185,2055.359116254339,2623.3312710639793,3157.4624826548447,-330.3641357421875,0.3180212080478668,-0.003078217152506113,117.46104431152344,-0.0380803607404232,0.006615221966058016,-34.20274353027344,-0.005289048887789249,0.00027835433138534427,5.958230018615723,0.016772110015153885,0.001088812598027289,-4.288065433502197,-0.043372876942157745,0.010365992784500122,10.246197700500488,0.03628620505332947,0.00023168798361439258,-18.69100570678711,-0.02785315364599228,0.018839161843061447,1.6078909635543823,0.02398107573390007,-0.002054991200566292,-1.7082302570343018,0.006319321691989899,0.015535542741417885,1.8721823692321777,0.01939241588115692,0.001039154944010079,-5.392481803894043,-0.005877818912267685,0.004261570982635021,-1.1800110340118408,-0.005428682547062635,-0.004832877311855555,-16.165794372558594,-0.03656918928027153,0.014481719583272934,-1.9200223684310913,-0.01758849062025547,-0.0028760009445250034,-9.033125877380371,-0.004799952730536461,0.0016081930371001363,-4.564607620239258,-0.0026463065296411514,-0.004392450675368309,-7.181553840637207,-0.009682971052825451,0.005559639073908329,-8.619865417480469,-0.041382428258657455,-0.0021654507145285606,-6.615966320037842,-0.022662676870822906,0.01828526146709919,-4.934593200683594,-0.024400560185313225,-0.01094952691346407
data/train_audio/fiscro/XC457223.mp3,0.2589989864464962,70136,-79.9544448852539,-80.0,1.0392846583329174e-08,-9.39879214456596e-08,3727.9386518529086,0.109381131517826,-0.6251978182773994,0.5065364241600037,0.5033754110336304,0.5696348547935486,0.6941101551055908,0.6079317927360535,0.6054290533065796,0.5837061405181885,0.5700722932815552,0.5811131000518799,0.5734788179397583,0.5393975973129272,0.5018049478530884,161.4990234375,7260.8084938742895,0.9879257678985596,2761.3168749061333,3137.643393837691,3461.596162449057,-422.89111328125,0.009280969388782978,0.029490474611520767,21.716188430786133,-0.033389076590538025,0.04396772384643555,-53.66878890991211,-0.03574744984507561,0.03844521567225456,-37.5650520324707,-0.0026429295539855957,0.019202912226319313,-22.980684280395508,-0.0030525652691721916,0.01180960237979889,-5.376169681549072,-0.01537874061614275,0.007447706535458565,-5.890028476715088,-0.009618273936212063,-0.004597965162247419,-3.0851070880889893,0.013329660519957542,0.0017103846184909344,-3.0889270305633545,0.01089735422283411,-0.000652732269372791,3.055617332458496,0.007305791135877371,-0.004750235937535763,4.041677951812744,0.007431105710566044,-0.0034010992385447025,5.3350300788879395,-0.0022779295686632395,0.002066661836579442,2.3838157653808594,-0.012035946361720562,0.005015098489820957,1.3203990459442139,-0.0002541790308896452,0.004861571826040745,-1.9483293294906616,-0.008772031404078007,-0.005173866171389818,2.8315446376800537,0.0010807911166921258,-0.011661829426884651,-0.9348880648612976,0.011202716268599033,-0.0018817470408976078,5.536509990692139,0.012633414007723331,0.000723167322576046,-1.0096936225891113,0.0034230612218379974,0.0005304556107148528,0.13115206360816956,0.011467481963336468,-0.004121146630495787
data/train_audio/fiscro/XC459772.mp3,0.05434358016304348,9622,-31.592435836791992,-59.95051574707031,-1.4810639186180197e-05,-0.000283401517663151,1800.2953005837628,0.33363061061129595,-0.5054475133382984,0.5097094774246216,0.4860021471977234,0.5770189166069031,0.5299903750419617,0.5640222430229187,0.6179875731468201,0.6541687250137329,0.5517891049385071,0.45249661803245544,0.4137200713157654,0.426215797662735,0.5352474451065063,112.34714673913044,4639.968367866848,1.198835849761963,2498.943958668055,3113.873296244711,3664.6492978942256,-402.8445739746094,0.05339043587446213,-0.03398069366812706,94.70550537109375,-0.005983341485261917,0.03265683725476265,33.85618591308594,-0.013417871668934822,-0.0004565708804875612,32.38510513305664,-0.030955007299780846,0.014882250688970089,6.605920314788818,0.023294338956475258,0.0052005089819431305,38.3921012878418,0.02657228522002697,-0.02161136083304882,-4.913816452026367,-0.005138087552040815,0.0007484981906600296,6.165620803833008,-0.0017975019291043282,0.004767546430230141,3.853400945663452,-0.02142522856593132,-0.013104625046253204,15.011297225952148,0.006984011270105839,-0.005747594870626926,11.441529273986816,0.016929753124713898,-0.024281220510601997,9.356264114379883,-0.005765596870332956,0.001684604212641716,0.13387827575206757,-0.028070693835616112,0.004658551421016455,4.098087310791016,0.016936251893639565,-0.0007800959283486009,-3.689863681793213,0.011596748605370522,0.002542001660913229,-0.4937388598918915,-0.04324685409665108,-0.01282543409615755,-7.2822394371032715,-0.004999183584004641,-0.005625429097563028,-2.290978193283081,-0.01099339872598648,-0.008569576777517796,-10.873512268066406,-0.001787050161510706,0.0036871612537652254,-4.527586936950684,0.029934542253613472,0.005655314307659864
data/train_audio/fiscro/XC460871.mp3,0.09799264418058455,24093,-53.74131393432617,-76.8532943725586,-9.781846443956965e-08,3.5109560485580005e-06,2151.62676306884,0.06952883541395967,-0.25013604483610596,0.4813465178012848,0.5103148221969604,0.5593587160110474,0.5939666032791138,0.62520831823349,0.6335524916648865,0.647721529006958,0.6473141312599182,0.630631685256958,0.6413688659667969,0.6229605078697205,0.5236416459083557,117.45383522727273,4981.025482368867,1.0096763372421265,2569.165382633103,3185.8908296721293,3736.111074379286,-267.2465515136719,0.11631319671869278,-0.1805054247379303,110.81720733642578,0.04588628560304642,-0.058230578899383545,10.348292350769043,-0.0019108050037175417,0.023583227768540382,5.274918079376221,0.007251434028148651,-0.00023835437605157495,-11.033052444458008,-0.018181994557380676,0.00328920129686594,-0.8513023853302002,-0.005307677201926708,0.003295274218544364,-1.777565836906433,-0.020452488213777542,-0.0019089088309556246,4.218945026397705,-0.029748015105724335,-0.009583935141563416,-7.7790327072143555,-0.024463223293423653,0.001244555227458477,6.997560501098633,-0.005699332803487778,-0.01936742104589939,-2.336115837097168,-0.018088199198246002,-0.005869205109775066,0.5294144749641418,-0.008580553345382214,-0.0043622939847409725,-6.7098212242126465,-0.0030560633167624474,-0.006754565518349409,1.8849347829818726,0.0029992747586220503,-0.0022523377556353807,-1.704153060913086,0.011651025153696537,0.0041584293358027935,-0.5888042449951172,-0.005608240142464638,0.01123796496540308,-6.508620738983154,-0.004775605630129576,0.006166976876556873,1.1821473836898804,-0.001977251609787345,0.0024575782008469105,-4.990818500518799,0.0032871949952095747,-0.0049516246654093266,0.47327807545661926,0.015395374968647957,-0.0031003770418465137
data/train_audio/fiscro/XC460997.mp3,0.12218442993795244,60546,-68.73396301269531,-80.0,5.576447620114777e-06,8.691813491168432e-06,2280.902307731011,0.44814815817811976,-0.052037663771247786,0.3620894253253937,0.34640055894851685,0.3247191607952118,0.35007429122924805,0.4641638398170471,0.5477320551872253,0.5812070965766907,0.589302122592926,0.518665611743927,0.4830686151981354,0.44543173909187317,0.41374775767326355,135.99917763157896,4178.142849785096,1.353782057762146,2194.891416878868,2822.399943739262,3377.5184316917725,-377.6617736816406,-0.0051939766854047775,-0.020017046481370926,86.08280944824219,-0.0036311973817646503,-0.0182037316262722,-22.680774688720703,0.004829635377973318,0.0014577220426872373,-33.43926239013672,0.010880792513489723,0.012276887893676758,-7.873652935028076,0.008008310571312904,0.008915770798921585,22.3286075592041,-0.0018961610039696097,0.0012707606656476855,-16.948341369628906,-0.009010668843984604,-0.0005442366236820817,-15.452549934387207,-0.006737229879945517,0.0017609192291274667,-1.817211389541626,0.0011755636660382152,0.0010677269892767072,-0.5159743428230286,0.00688973581418395,-0.0023131025955080986,-1.5121936798095703,0.007760276552289724,-0.001941045979037881,-4.328118801116943,0.006309614982455969,0.0032468484714627266,-6.192914009094238,0.004375815391540527,0.006308106705546379,-1.880753755569458,0.002038853010162711,0.003512781346216798,-1.1765966415405273,0.0006563663482666016,-0.00025372952222824097,1.301071286201477,0.001760960090905428,-0.0013314599636942148,-2.9679243564605713,0.003381994552910328,-0.0018441197462379932,-1.558234691619873,0.002015079837292433,-0.002933360869064927,-3.4423534870147705,-0.0015740197850391269,-0.0029002102091908455,-2.2257614135742188,-0.0027625022921711206,-0.0014607453485950828
data/train_audio/fiscro/XC465988.mp3,0.09689304331764448,56753,-60.590972900390625,-78.8115005493164,-1.7860554635262815e-07,-1.726787377265282e-05,2284.261822640239,0.3077835635190003,0.0282107246277313,0.675410270690918,0.5665323734283447,0.5290970802307129,0.47584888339042664,0.5310957431793213,0.5259366035461426,0.5141108632087708,0.5216364860534668,0.5073995590209961,0.5595653057098389,0.7079304456710815,0.7310407757759094,95.703125,5288.616911291867,0.9975122213363647,2649.080638669055,3251.1392162750167,3785.366209747836,-215.232421875,0.019877124577760696,-0.06453937292098999,97.68788146972656,0.011833107098937035,-0.0352923646569252,-1.9244139194488525,-0.0012380429543554783,0.009470081888139248,12.082330703735352,-0.0037160092033445835,0.0017924160929396749,16.370141983032227,-0.005433894228190184,-0.0030216549057513475,18.38284683227539,-0.009046711958944798,0.002663003746420145,5.00310754776001,-0.002882943721488118,0.004797572270035744,2.597520112991333,0.0019193380139768124,-0.001421397551894188,-6.685835361480713,-0.004420862533152103,-0.0017391076544299722,0.6439603567123413,-0.0030113619286566973,-0.0015809688484296203,-6.529954433441162,0.0027157764416188,0.0024059265851974487,2.1263861656188965,0.009244559332728386,-0.0029135786462575197,-4.151506423950195,0.0006239861249923706,-0.0005134579259902239,3.3188838958740234,-0.003996011335402727,-0.0005945336888544261,1.5155515670776367,0.00417458126321435,-0.00040638080099597573,7.449894428253174,0.007326558697968721,0.0007837077719159424,-0.2746987044811249,0.003452859353274107,-0.0018916174303740263,2.757713794708252,0.0028679303359240294,-0.005184023641049862,-5.972787857055664,-0.0024570580571889877,0.0017677077557891607,-1.6713114976882935,-0.003028866136446595,0.0019569811411201954
data/train_audio/fiscro/XC502117.mp3,0.09561152415593799,93258,-58.12059783935547,-75.67713165283203,4.0514635202271165e-07,-2.591440988908289e-06,2034.3324887036556,-0.7137556015997387,-0.11473056210753627,0.5221179127693176,0.5313090085983276,0.5393379330635071,0.5155876278877258,0.5039452910423279,0.537431001663208,0.5156925320625305,0.5294870734214783,0.5232405066490173,0.5172316431999207,0.5018181800842285,0.5188168883323669,123.046875,4358.657511371847,1.1364498138427734,2268.7124849118177,2815.835039033367,3334.4326367040558,-218.81980895996094,-0.01705649308860302,0.0009821971179917455,108.00367736816406,0.030105119571089745,0.0025543367955833673,-2.436958074569702,-0.0031161571387201548,0.0022806022316217422,29.993070602416992,-0.015521843917667866,-1.7432745153200813e-05,-6.951050758361816,0.014294740743935108,0.0023250586818903685,22.86914825439453,7.56885638111271e-05,0.0020814489107578993,-2.2045421600341797,-0.00897617544978857,0.000427671882789582,-1.7186061143875122,0.0008343705558218062,-0.0007540314109064639,-8.566136360168457,9.997869346989319e-05,-0.0010020069312304258,8.008244514465332,0.003992456942796707,-0.0012684656539931893,-1.4225667715072632,-0.0013095494359731674,0.002819610992446542,-0.678006649017334,0.004113422706723213,0.0017219033325091004,-3.6805593967437744,0.002008302602916956,-0.0017052824841812253,1.490982174873352,-0.00021576794097200036,0.00033690049895085394,-10.17688274383545,0.00320047396235168,-0.0013386252103373408,1.6190919876098633,-0.0018104009795933962,-0.0013668854953721166,-6.192270755767822,-0.0020427454728633165,-0.002662240993231535,-4.798189640045166,0.0028647577855736017,0.0014638624852523208,-8.49488639831543,-0.0008727112435735762,6.390376074705273e-05,2.3255908489227295,0.0016111064469441772,0.0015568232629448175
data/train_audio/fiscro/XC64541.mp3,0.16966756765188248,152442,-43.05527877807617,-68.84054565429688,2.5564435418345965e-05,4.1418734326725826e-05,2999.4324612710575,-0.06702891453421606,-0.16768888677791843,0.553534984588623,0.5298746228218079,0.4880867004394531,0.5082697868347168,0.48817476630210876,0.5451088547706604,0.7162924408912659,0.6459634900093079,0.6001912951469421,0.5920607447624207,0.5982938408851624,0.7411832213401794,123.046875,6566.060790319274,1.0407814979553223,2822.208167969482,3243.069130871058,3629.326434490369,-151.2840118408203,-0.01831180602312088,-0.027756065130233765,78.44862365722656,0.0025276506785303354,0.005146019160747528,1.3177108764648438,-0.014084349386394024,0.00399881973862648,6.18441915512085,0.0023820309434086084,0.0011990934144705534,-9.155789375305176,-0.0057035163044929504,0.0025103548541665077,8.911408424377441,-0.008111786097288132,0.005574935115873814,-7.381464004516602,-0.010670268908143044,-0.004574592225253582,3.7089638710021973,-0.007035429123789072,-0.0024593828711658716,-6.396143436431885,-0.0007109867874532938,0.0022081653587520123,5.159883975982666,-0.0002816233318299055,0.0007687067845836282,-2.1790823936462402,0.0003603343793656677,-0.0007815833087079227,3.509942054748535,-0.0029517931398004293,0.0030276456382125616,-3.3425211906433105,-0.0024825420696288347,0.003391761565580964,4.4040608406066895,-0.003017051611095667,-0.0018030417850241065,-2.25217342376709,0.0024911637883633375,-0.0013459203764796257,4.250657558441162,0.00341111165471375,-0.0010686330497264862,0.13689182698726654,0.0005286167142912745,-0.0008027153089642525,3.693650722503662,-0.007548047695308924,-0.0017164067830890417,-1.5659935474395752,-0.007500967476516962,-0.0017387226689606905,1.1387813091278076,-0.005182488355785608,-0.0013053322909399867
